SNP	allele1_sample1	allele1_sample2	allele1_sample3	allele2_sample1	allele2_sample2	allele2_sample3
rs2077169|T/C	2164	1454	1904	5388	4025	4733
rs921893|G/A	264	200	252	166	130	205
rs10742174|A/G	7	3	2	33	11	12
rs1894649|C/G	13	9	7	42	26	33
rs9635366|G/A	38	25	53	14	7	20
rs72810995|A/G	1	0	2	12	2	10
rs2052862|A/G	1490	1131	1435	1137	835	980
rs2974930|A/G	459	366	565	100	85	149
rs2974931|C/G	98	55	114	207	132	196
rs6946768|G/A	848	609	648	256	177	197
rs6897075|G/T	8	3	11	3	4	4
rs6921994|C/T	1634	1132	1326	1471	976	1227
rs67452844|A/G	63	47	100	68	29	75
rs73388828|A/C	3539	2486	3511	6128	4211	5488
rs536950796|G/A	20	13	29	15	9	10
rs11640346|G/T	21	22	22	59	42	66
rs55810795|A/G	174	123	165	112	78	139
rs370293375|C/T	247	156	189	556	385	424
rs1046033|A/G	254	157	266	155	130	185
rs1951392|T/G	15	10	8	11	7	8
rs2405975|T/C	12	8	7	20	15	10
rs2405974|A/G	14	2	5	8	9	4
rs66666989|C/T	32	23	21	36	29	49
rs13020946|A/G	16	4	20	207	122	157
rs7528395|C/T	8	5	3	3	7	6
rs4671123|G/A	116	59	119	74	46	72
rs10165153|T/C	5	4	1	0	0	0
rs564388623|G/A	4	3	4	0	0	0
rs59756997|A/G	20	16	23	30	23	31
rs62062134|A/C	39	23	31	38	32	34
rs62062133|T/C	562	382	660	110	72	130
rs73073442|C/T	21	11	24	93	73	127
rs6544669|T/C	45	31	30	59	36	49
rs4838890|C/T	80	39	87	69	37	51
rs41281637|C/T	3313	2126	2448	2413	1577	1917
rs4661654|A/G	1458	1053	1426	924	632	1006
rs2365766|C/T	125	67	111	94	43	85
rs2195610|C/T	8	14	11	17	18	30
rs10054340|G/T	6	2	6	10	4	4
rs10883849|T/A	1035	627	943	671	382	631
rs16957128|A/T	5	1	2	13	9	20
rs4793077|C/T	420	228	361	331	154	259
rs139856|C/T	19	19	37	86	54	65
rs900348|C/A	462	224	423	582	333	617
rs72665916|A/G	10	10	7	17	5	5
rs10896339|G/C	34	21	29	12	6	18
rs10896338|G/A	477	312	530	1048	658	1122
rs55946323|A/G	19	18	23	196	118	188
rs73886486|G/C	2446	1744	2406	1770	1302	1728
rs56288604|A/G	16	17	31	58	52	102
rs1076222|C/G	138	106	179	80	56	103
rs12492052|A/G	3	6	6	4	5	8
rs10041617|C/T	646	439	764	432	323	551
rs72878029|T/C	810	516	746	711	468	602
rs73608074|A/G	38	20	11	31	12	12
rs220377|G/C	173	100	155	147	105	116
rs220376|G/T	11	8	21	14	18	21
rs62059833|C/T	14	7	8	0	0	0
rs569028560|C/T	69	63	87	53	36	48
rs4606752|A/G	164	94	167	105	59	101
rs4544203|T/C	237	124	218	120	78	131
rs62062269|G/C	0	0	0	23	21	16
rs73388827|G/C	4	2	3	13	3	10
rs17761046|T/C	1263	902	1174	660	456	562
rs6520165|T/C	249	175	279	189	133	189
rs35721248|A/G	25	13	11	55	28	53
rs2488763|T/C	3910	2895	3253	1478	1104	1220
rs5754166|C/T	622	394	521	1136	678	944
rs34812229|G/T	900	530	718	972	574	718
rs4807612|T/C	357	240	268	30	31	33
rs78358711|T/A	8	5	5	14	6	9
rs10170761|G/T	2685	1765	2284	2837	1818	2259
rs17575556|G/A	31	12	35	31	21	34
rs11079729|C/A	26	14	28	97	67	85
rs6745529|G/T	209	130	204	230	140	234
rs76280636|T/C	49	27	54	66	43	64
rs28631635|G/T	10	5	8	7	1	8
rs78124119|T/C	200	170	186	80	42	59
rs79412513|A/G	272	220	274	1509	1053	1477
rs6913642|A/G	30	26	33	69	59	85
rs754513|T/A	27	23	30	88	72	124
rs558194622|G/T	17	10	17	42	20	30
rs117122405|G/A	46	39	51	89	69	78
rs7553846|C/T	89	68	95	114	76	114
rs67971665|C/T	134	66	79	149	89	154
rs4880735|G/T	84	48	84	184	121	133
rs1052551|G/A	2207	1644	2405	178	141	184
rs2259931|T/C	31	24	37	27	23	36
rs569635106|G/A	34	17	27	37	17	26
rs132533|A/G	1	0	0	7	5	8
rs12697140|A/C	6	1	4	7	3	6
rs17770146|T/A	1833	1231	1700	1513	1042	1476
rs1801144|G/C	30	16	19	25	12	13
rs8111708|A/G	15	6	10	25	22	29
rs12693268|A/G	39	27	27	25	15	14
rs17572781|C/G	149	106	175	1137	942	1337
rs12693267|T/C	13	4	13	14	7	17
rs28490152|G/A	6	6	11	8	9	6
rs10505116|T/C	2	3	4	14	12	15
rs5003331|G/A	241	174	243	289	199	307
rs10762793|T/C	50	29	52	84	56	70
rs966544|A/G	76	40	84	68	48	103
rs6972167|G/T	69	30	40	65	32	57
rs1734116|A/G	263	209	246	541	383	510
rs28661744|T/C	68	59	91	0	0	0
rs17205346|A/G	1	1	0	24	14	39
rs7714710|A/G	5	3	10	8	5	9
rs73468973|G/A	34	29	24	1	2	2
rs4408360|A/T	18	10	13	21	13	26
rs5994638|A/G	1150	749	1018	2199	1427	1842
rs1165681|T/C	340	241	415	935	684	1146
rs2624821|G/A	175	114	131	87	57	67
rs604204|G/A	267	219	315	310	250	363
rs17113964|T/C	9	6	17	12	8	9
rs62070326|G/A	560	361	488	526	341	510
rs11672730|G/A	0	1	1	11	3	5
rs60323161|T/C	732	424	596	315	146	220
rs144822931|T/C	112	92	126	214	133	207
rs34581168|C/T	35	18	27	2	1	2
rs539288087|C/A	4	3	7	9	7	10
rs6088662|T/G	221	135	231	28	20	35
rs11231144|T/C	7	3	7	20	7	16
rs4904828|T/C	31	21	26	20	24	17
rs114379218|G/T	20	5	17	12	8	15
rs1800547|A/G	277	238	346	365	245	393
rs4808134|G/A	6	3	7	2	0	1
rs74845310|C/T	25	29	25	57	30	31
rs2382822|T/C	10	1	12	15	7	14
rs61903841|G/T	17	10	22	17	11	15
rs2049805|T/C	752	447	718	423	286	405
rs73719811|T/C	820	564	702	850	562	729
rs4895901|T/G	42	15	29	100	57	66
rs73203092|T/A	4	2	5	5	4	7
rs62060809|G/A	178	101	156	266	188	228
rs6672768|A/C	0	0	0	6	1	7
rs7197875|C/T	1432	974	1157	1172	732	916
rs2601205|A/G	782	445	653	29	13	19
rs10061983|C/T	183	99	165	87	63	89
rs560044525|C/T	363	234	368	448	280	465
rs72860659|G/A	58	24	45	24	13	34
rs9375698|A/G	703	476	867	328	252	412
rs566628150|A/C	69	47	73	232	127	284
rs11892236|A/G	55	45	61	57	35	47
rs10489289|T/C	53	28	42	27	16	27
rs56087288|G/A	3	6	6	34	22	39
rs6697431|C/T	104	70	97	223	105	196
rs56100710|A/T	36	26	37	330	232	310
rs17576779|C/T	133	70	123	94	47	72
rs118012571|G/C	23	21	28	10	10	20
rs73066226|T/C	82	66	81	182	125	163
rs7754351|T/C	14	7	7	169	113	154
rs1881140|A/G	273	163	237	424	242	466
rs2847309|G/A	4	2	1	11	11	8
rs1438842|G/T	3	0	3	3	8	2
rs10927861|G/A	229	140	188	45	30	45
rs17501278|A/G	5	3	5	23	18	29
rs4623330|T/C	3	6	4	0	0	1
rs62061820|T/C	42	18	29	26	16	27
rs4808045|C/T	25	9	16	11	5	14
rs114581578|C/T	240	195	304	352	264	407
rs17643644|G/A	27	25	34	47	19	52
rs12951408|T/C	434	244	363	541	326	461
rs7359529|G/A	41	22	34	32	27	49
rs7212589|A/G	118	98	146	206	139	179
rs8107802|A/G	588	387	558	1244	736	1156
rs11611927|A/G	22	15	30	31	16	43
rs68075021|T/G	198	151	210	104	80	116
rs112629880|C/T	20	10	8	46	24	39
rs3742606|A/G	8	6	10	5	1	9
rs10078550|G/A	14	3	15	9	13	17
rs108499|C/T	16	14	26	16	17	19
rs62055542|C/T	8	2	3	2	6	3
rs12150627|C/G	39	21	38	61	34	56
rs599839|G/A	11	3	1	2	4	2
rs8082391|C/A	57	44	76	33	22	50
rs2004673|T/C	18	12	24	5	5	7
rs2428551|T/A	325	213	328	209	145	188
rs12162983|C/G	33	23	41	161	114	125
rs9936404|G/A	27	16	17	9	9	20
rs4075879|C/T	8	6	11	18	13	19
rs60996392|T/A	33	20	30	20	23	19
rs13020399|T/C	2098	1249	1394	1323	873	908
rs2033787|A/C	2014	1277	1593	1728	1074	1413
rs78759579|A/T	12	6	8	4	2	3
rs649915|G/A	3243	1967	3032	2233	1422	2213
rs147003295|G/A	295	242	333	354	249	383
rs1421033|A/C	6	2	4	4	2	4
rs4517022|C/T	6	5	5	9	1	5
rs99437|C/T	48	47	54	20	9	16
rs534724715|C/T	326	272	360	254	189	288
rs2342312|C/G	47	35	31	55	31	29
rs2342315|T/C	20	15	20	16	11	13
rs2342314|T/G	500	345	480	470	329	379
rs2046136|A/G	22	9	14	13	7	9
rs111259120|C/T	623	484	720	849	613	1051
rs76323371|C/T	26	25	22	42	20	29
rs2075289|C/T	101	79	143	281	223	341
rs75659266|G/A	77	61	92	69	61	84
rs78720789|A/G	196	172	202	364	286	339
rs58431752|C/T	122	69	132	170	110	163
rs552419936|G/A	17	15	25	10	12	8
rs145074572|C/A	62	35	57	26	19	17
rs17205972|G/T	16	6	10	4	6	5
rs12270280|C/T	1911	1510	1966	1733	1365	1814
rs73169668|C/T	1043	722	731	279	208	223
rs576500756|C/T	12	6	3	8	1	12
rs78966616|C/T	14	14	16	34	39	57
rs76655075|G/A	36	16	34	27	12	19
rs2812222|G/A	6	0	2	5	5	5
rs2071040|A/G	438	314	392	234	168	170
rs55821155|C/G	20	11	17	11	8	15
rs74607290|T/C	0	0	1	5	1	4
rs5754190|C/T	432	355	564	487	397	585
rs3788472|T/G	7	3	4	4	3	3
rs3910704|G/A	30	24	31	8	6	5
rs2074889|C/T	1636	969	1622	1605	994	1508
rs710248|C/T	201	173	250	131	93	154
rs62063676|G/A	953	619	901	2229	1556	2099
rs136190|C/T	2997	1877	2266	1268	842	990
rs62062279|T/C	118	59	78	81	36	75
rs59527116|C/T	2	5	4	3	2	3
rs62062276|A/G	244	159	222	746	460	793
rs62062277|T/G	37	24	23	16	8	16
rs12441711|C/A	4	3	4	6	1	3
rs62062272|T/C	213	138	195	409	223	348
rs675733|C/T	24	16	33	28	26	36
rs13020497|T/A	343	185	419	498	272	559
rs6141399|A/G	340	193	281	389	250	262
rs9608358|A/G	14	6	8	14	7	15
rs884630|A/G	55	29	54	78	48	62
rs10740059|G/A	12	4	14	1	0	1
rs562433512|C/A	6	4	5	6	3	7
rs10930956|A/G	13	9	9	74	38	72
rs10930955|A/G	14	6	14	0	0	0
rs3781187|T/C	136	94	162	157	98	164
rs37615|C/A	213	163	210	34	18	46
rs72803869|T/A	14	16	14	26	15	24
rs10424884|C/G	91	82	112	319	240	338
rs2431512|C/T	829	495	915	528	334	495
rs149701636|G/A	6	3	6	10	3	10
rs12368423|C/A	1935	1072	1679	1004	596	873
rs3915512|A/T	13	8	8	12	5	4
rs41306868|G/A	135	62	83	90	61	75
rs2183969|T/G	56	34	61	11	2	8
rs17770150|G/A	43	23	52	31	24	35
rs1286127|C/T	302	182	320	278	178	225
rs11920076|A/G	3	2	3	7	5	5
rs10917225|T/C	9	4	2	37	24	14
rs79412431|G/A	27	17	15	16	5	13
rs2581820|A/G	26	17	18	9	3	14
rs11653117|C/T	143	105	128	90	64	100
rs1249077|C/T	171	109	155	296	195	289
rs7221390|T/G	219	130	170	246	177	196
rs2984942|T/C	81	56	81	6	3	7
rs4759061|C/T	537	388	464	72	43	46
rs367820416|T/G	1	1	0	9	2	1
rs150024658|C/T	74	31	53	4	7	11
rs1481867|G/A	36	26	35	28	12	16
rs246562|G/A	10	5	9	0	0	0
rs62054857|G/A	70	27	36	45	21	31
rs73813129|C/T	919	536	800	274	155	197
rs2695479|T/C	319	232	373	231	180	232
rs1976400|C/A	475	290	352	1288	757	1030
rs62054859|G/A	442	261	352	168	87	118
rs1661725|T/C	12	10	18	20	17	15
rs4408686|T/C	41	35	57	40	29	53
rs16928633|T/C	3	2	5	1	1	2
rs6510316|T/G	499	331	469	1946	1241	1931
rs2885174|A/C	4	6	2	11	9	15
rs12972949|G/T	2	1	2	23	3	14
rs10165490|C/T	345	223	274	182	99	120
rs56243535|C/T	82	47	58	67	38	49
rs12983357|G/C	48	44	55	26	21	39
rs11692866|C/T	1566	961	1092	901	538	601
rs9972942|A/G	1586	1058	1334	2770	2018	2420
rs116204487|G/C	337	227	338	983	600	872
rs677960|C/T	2486	1763	2263	4120	2899	3943
rs113788190|A/G	18	8	18	69	41	77
rs7774832|A/C	58	53	82	52	45	46
rs55859054|T/A	12	10	0	8	5	1
rs34814687|G/A	112	75	105	45	28	37
rs7220752|T/C	403	288	373	605	380	570
rs11231156|G/A	119	127	195	65	54	95
rs7399003|C/T	733	582	817	477	368	540
rs9970163|C/T	76	44	99	59	36	53
rs34722284|C/T	744	619	586	103	60	51
rs3892603|G/C	13	4	5	6	3	6
rs16948744|G/A	104	69	98	103	66	98
rs4513276|G/T	68	28	53	39	17	36
rs11029931|T/G	83	67	96	4	5	1
rs142145092|G/C	3	0	7	28	18	31
rs78773690|T/C	3	1	2	7	4	2
rs34629045|A/G	162	80	123	33	18	29
rs59130946|G/A	540	403	573	264	196	253
rs7916525|G/A	103	55	79	66	42	56
rs4358110|C/A	1242	897	1147	1341	942	1239
rs112010353|C/T	104	59	97	44	36	42
rs55787537|T/G	644	426	737	653	432	707
rs592502|A/G	282	202	332	227	154	244
rs62210593|C/T	10	5	6	0	0	0
rs7803865|A/G	15	9	12	13	3	12
rs11650977|G/A	21	19	24	8	3	10
rs6715050|C/T	132	89	121	81	50	54
rs9532849|G/A	133	81	145	83	57	72
rs7980523|G/T	862	597	792	1065	803	1267
rs314675|T/C	31	16	24	6	6	8
rs79701513|C/G	5	3	5	5	5	6
rs7954185|A/T	53	23	55	73	34	72
rs72692813|A/G	698	523	689	1187	933	1361
rs7928833|A/G	36	23	30	5	7	12
rs2294358|G/C	741	563	847	497	359	450
rs10418246|G/A	620	388	495	2556	1514	1898
rs566177628|A/G	103	69	135	5	2	4
rs10875887|C/T	54	42	52	25	22	34
rs12952542|A/G	5	10	5	14	11	20
rs594591|G/T	764	483	679	653	373	548
rs4818989|A/G	13	12	17	67	39	65
rs848203|A/G	145	97	143	274	154	250
rs7217728|T/C	118	95	115	40	30	64
rs7246525|A/G	6299	4906	6028	4433	3353	4177
rs4714677|G/T	12	7	7	0	5	3
rs55839256|A/T	15091	10005	10848	6253	3950	4368
rs3212930|A/G	747	520	767	605	442	595
rs544309319|A/G	125	95	137	233	198	234
rs2729634|A/G	23	7	24	25	10	10
rs76351672|T/C	256	127	213	61	53	85
rs8046062|C/G	37	24	40	136	99	155
rs75646909|C/T	6	8	3	15	5	9
rs7924228|C/T	3813	2739	3691	2544	1767	2218
rs55779147|G/A	137	103	129	150	132	144
rs9718841|A/G	1263	780	1091	1002	603	883
rs62056915|A/T	98	85	108	322	225	310
rs184745911|A/G	1	0	0	10	5	8
rs4952566|G/C	23	19	24	23	3	18
rs62056919|C/T	35	24	41	76	65	104
rs17661015|T/C	14	6	12	16	8	15
rs28754583|A/T	13	11	12	12	5	9
rs6539287|C/A	1453	1132	1478	2382	1738	2193
rs73199734|T/C	129	99	91	285	195	261
rs1490384|C/T	121	76	130	128	68	107
rs17574824|C/T	17	9	15	13	7	6
rs12582512|A/G	35	10	14	2	3	7
rs1874445|T/C	195	100	200	59	36	48
rs530783064|C/A	13	6	21	40	28	46
rs2448054|G/A	18	21	20	18	16	14
rs2448053|C/T	1	2	2	14	5	9
rs4674284|C/T	112	76	133	85	59	86
rs59009755|C/T	106	77	139	431	294	509
rs557104793|C/A	36	20	60	20	13	12
rs545244112|G/A	36	35	51	45	35	52
rs62131495|G/A	31	19	39	38	35	42
rs4792909|G/T	285	171	271	211	146	208
rs4757388|A/G	10	4	4	36	35	40
rs445921|C/A	11	6	6	3	3	4
rs12264184|T/C	24	19	60	14	12	20
rs56026524|C/T	187	116	157	141	100	129
rs553697096|C/G	57	25	52	84	59	88
rs138430|C/T	41	24	30	70	41	55
rs17574228|T/C	100	68	154	308	231	450
rs2760751|A/G	229	111	159	539	321	477
rs143187557|C/T	285	220	277	358	206	287
rs568158082|G/A	1392	948	1264	414	237	336
rs354213|A/C	8	12	9	45	25	32
rs8050887|A/G	3	3	5	175	101	139
rs35562870|C/T	339	257	388	664	491	859
rs7208337|T/C	34	33	58	0	0	0
rs884629|C/G	279	145	236	158	78	129
rs10762882|G/A	158	62	118	15	9	29
rs2011732|C/A	5	0	2	60	43	62
rs12150469|T/C	9	5	9	18	12	23
rs74922289|A/G	8	5	2	18	11	15
rs12424778|A/T	10	8	9	32	18	16
rs1512450|C/G	15	8	13	0	0	0
rs4807125|C/T	552	423	622	395	319	490
rs1399132|G/A	461	303	371	855	591	760
rs2781|G/C	103	71	115	118	69	127
rs10821945|T/G	9	4	3	2	1	0
rs1078268|A/G	487	394	586	808	617	927
rs28621959|G/A	913	643	1002	1065	798	1171
rs3794997|A/T	133	90	129	27	19	19
rs10821949|T/C	16	9	18	13	14	22
rs2340433|A/C	16	19	26	6	5	5
rs4463351|G/A	45	23	68	11	4	15
rs532600730|T/C	2	3	0	9	5	5
rs2153419|G/A	19	12	27	22	10	27
rs45495792|A/G	495	320	451	1553	1011	1368
rs56367860|T/G	3955	2782	3612	2726	1823	2374
rs67758468|A/G	142	114	126	243	184	230
rs78138308|G/A	911	738	869	1060	822	835
rs549030526|C/G	23	4	13	30	13	30
rs4803448|T/C	9	3	4	0	0	0
rs7398996|C/T	2	0	4	4	5	5
rs9616996|A/G	351	226	296	627	374	504
rs6751325|G/T	1254	914	1348	802	570	930
rs2657947|T/C	137	105	185	92	77	137
rs55749333|C/T	202	142	204	666	528	747
rs17654016|T/C	4	4	6	1	1	6
rs10438756|T/C	12	6	6	15	7	8
rs10438755|C/G	16	8	12	27	19	38
rs4235817|A/G	105	74	113	905	700	944
rs3136302|G/C	97	62	100	71	48	105
rs344008|A/G	11	9	5	33	15	21
rs55883802|G/A	116	72	112	133	68	93
rs2586457|G/A	2802	1932	3016	1823	1198	1887
rs10021236|G/C	60	34	51	47	25	38
rs6005900|A/C	67	58	75	288	172	254
rs7332763|T/G	31	12	42	34	17	35
rs8080122|G/A	480	368	514	11	10	18
rs1491850|T/C	9	3	11	4	4	3
rs2637248|A/G	10	18	27	24	22	23
rs78826239|T/A	13	16	16	113	62	57
rs7209826|A/G	621	404	595	655	420	613
rs79419269|T/C	19	11	6	25	19	17
rs75718202|A/C	2	0	0	24	15	12
rs13283900|G/C	151	104	149	101	57	118
rs537893623|A/G	1	0	1	9	8	15
rs76836760|T/G	1257	867	1320	888	580	870
rs74452579|G/A	2771	2018	2866	2235	1584	2123
rs10777415|T/C	535	316	432	900	495	704
rs514230|A/T	211	135	185	332	250	344
rs114924396|A/G	11	7	20	39	30	31
rs6499237|G/T	3	2	5	2	2	3
rs112162421|T/C	106	90	153	20	11	17
rs61779284|G/A	607	390	576	1908	1171	1653
rs11006941|G/T	17	10	16	24	20	14
rs112869751|T/C	82	40	83	203	137	187
rs11029928|G/A	27	14	25	24	10	24
rs17770186|C/A	217	140	218	80	59	85
rs12594229|A/C	178	129	181	157	95	148
rs10512504|C/T	107	77	132	91	48	114
rs7787620|A/G	80	38	65	173	94	163
rs230791|T/G	0	0	1	10	5	5
rs230792|G/A	23	17	26	48	24	39
rs17819973|T/A	17	10	13	14	15	10
rs56006248|A/G	22	8	9	25	17	28
rs8113356|G/A	1419	1114	1486	2135	1537	2420
rs17563965|A/G	219	132	266	116	94	151
rs62087952|A/G	1159	790	1112	1123	783	1092
rs35736520|T/C	207	150	225	93	55	112
rs145881252|G/C	84	54	76	63	39	52
rs8042237|G/A	3	4	6	9	3	6
rs7193472|C/T	147	124	242	407	291	580
rs7154246|G/A	1	1	1	9	5	2
rs7502888|G/C	23	8	13	18	11	16
rs12461839|G/A	73	38	62	120	62	99
rs13336753|T/C	98	29	57	90	60	76
rs8081523|C/G	1708	1235	1764	4687	3396	4396
rs28716817|A/G	522	334	452	445	254	398
rs528888|G/A	27	34	36	2	4	4
rs10082678|A/G	42	27	27	116	87	85
rs10852437|A/G	24	11	25	13	3	3
rs17762535|T/C	1976	1499	1812	905	734	887
rs41326151|C/A	194	103	154	535	339	457
rs13386290|G/C	69	38	52	30	22	24
rs170637|C/T	168	103	124	264	154	172
rs5997404|G/A	5	3	4	1	1	4
rs12896630|C/T	241	146	149	307	160	215
rs116802685|G/A	9	3	5	18	8	11
rs16945809|T/C	372	262	361	193	153	222
rs769147|A/G	140	74	128	1568	1018	1399
rs61777134|A/G	182	101	128	334	223	296
rs2990245|C/T	530	380	529	168	142	177
rs56323722|A/C	719	490	628	580	388	492
rs4808737|C/T	134	72	128	586	446	625
rs1708765|A/G	18	11	9	9	7	12
rs7569033|C/T	442	298	546	220	149	242
rs6512244|A/C	1876	1466	2423	2391	1868	3004
rs59509739|A/G	4	4	3	4	1	1
rs543389|A/G	428	291	485	417	283	495
rs7209222|T/C	287	161	257	162	102	135
rs76755639|G/C	439	290	481	181	129	238
rs1440702|G/A	1859	1319	1971	1475	1014	1450
rs1440703|C/T	91	48	86	54	18	59
rs7585702|T/C	36	12	44	37	14	37
rs75827972|T/C	28	22	30	24	12	22
rs73204208|T/G	512	399	554	1093	735	1159
rs41423247|G/C	38	24	48	30	30	51
rs10892247|G/A	929	651	813	1735	1164	1567
rs174576|C/A	5	12	18	7	1	4
rs2292356|G/A	36	12	26	40	31	32
rs7181798|C/T	13	8	21	22	10	26
rs4238427|T/C	90	62	77	132	100	149
rs11888052|C/A	94	58	113	34	15	32
rs73156485|A/T	49	20	53	32	20	41
rs73156486|C/T	181	88	178	124	54	119
rs12050813|C/T	114	60	94	141	86	153
rs848304|T/C	1300	844	1038	992	713	911
rs10420373|G/T	6	4	5	6	1	8
rs10205067|A/G	30	17	40	69	60	93
rs6970828|A/G	1	1	0	3	3	6
rs5754422|A/G	4	2	8	65	49	65
rs7902904|G/A	173	101	148	127	84	116
rs5754426|T/C	48	19	42	10	7	22
rs1962808|C/T	9171	6110	8948	11165	7437	10661
rs10445335|T/A	23	10	20	18	6	11
rs10445333|A/G	38	33	52	21	14	20
rs2740508|A/C	2	0	1	10	4	7
rs2589939|C/T	228	141	231	199	122	179
rs62056839|T/C	9	6	4	3	1	2
rs62056838|A/G	5	2	7	194	121	184
rs10735851|G/A	53	32	76	36	23	57
rs6728190|G/C	6	1	6	28	25	42
rs17574361|A/G	157	112	187	38	39	38
rs62056837|T/C	801	554	787	173	109	155
rs35166564|T/C	2127	1658	2452	1728	1324	1851
rs73399621|T/G	26	16	15	46	24	40
rs34717629|G/A	74	79	71	97	84	87
rs17542285|G/A	89	60	96	254	183	280
rs76733241|C/A	20	7	12	5	3	1
rs6503417|T/C	325	204	304	226	147	231
rs7311217|C/T	195	127	185	280	167	242
rs7863523|T/C	151	124	149	161	111	133
rs554424146|G/C	10	6	7	10	1	6
rs4711795|G/A	367	261	471	393	233	552
rs9909541|C/T	344	250	399	243	159	293
rs6433891|G/A	5	2	3	13	5	2
rs4987856|C/T	1104	818	1233	809	613	950
rs4987855|C/T	870	605	655	1441	977	1011
rs10805475|G/A	265	170	189	203	111	153
rs564213689|A/G	169	130	160	14	16	14
rs76965906|G/A	51	46	81	11	13	20
rs2668658|T/C	22	8	21	28	28	39
rs650927|T/G	36	23	28	51	27	40
rs7278217|A/T	43	48	47	243	185	243
rs882726|C/A	48	32	64	5	9	10
rs28415976|A/G	954	593	714	644	439	495
rs6001204|T/C	312	213	342	205	154	232
rs60997773|T/A	224	142	208	294	192	333
rs3746227|T/C	25	18	24	1	1	0
rs62062324|A/T	1026	748	1151	1278	863	1286
rs62062325|C/A	949	729	1203	675	535	785
rs4936261|C/T	508	397	480	567	406	532
rs76422220|G/T	6	4	10	1	2	3
rs73057365|G/A	24	13	16	3	2	3
rs1721391|A/G	77	48	66	43	49	38
rs61845219|G/A	8	3	4	4	2	5
rs9615099|T/A	43	30	51	120	61	153
rs3181251|C/T	418	285	347	296	225	259
rs11972702|C/T	27	20	29	19	13	32
rs1988664|C/T	46	31	27	22	10	13
rs9475540|G/A	7	4	7	0	2	0
rs220382|G/T	12	7	7	4	3	6
rs35671096|T/C	5	4	2	4	1	2
rs3118906|G/A	137	61	131	97	58	95
rs9535743|C/T	0	1	1	14	9	10
rs117309129|C/T	478	337	491	214	140	206
rs28587460|A/G	5	2	3	5	1	1
rs113161176|G/A	1149	897	1267	862	655	915
rs17653255|C/A	49	25	48	128	102	148
rs57056392|A/G	58	41	73	7	6	12
rs167301|T/C	2172	1375	2009	1531	970	1454
rs73717402|T/G	438	285	367	349	180	324
rs2510768|G/A	1907	1386	1797	1267	830	1218
rs71329479|C/T	24	7	12	10	5	9
rs4791171|T/C	341	226	312	541	384	448
rs417769|T/A	20	3	23	7	7	7
rs79355514|A/G	70	47	67	165	113	159
rs4683605|C/A	0	2	4	29	19	32
rs74457229|C/T	110	81	123	155	119	167
rs10821950|T/C	17	23	32	10	6	12
rs6940887|G/A	100	60	93	71	51	88
rs11202524|A/G	440	297	446	417	281	434
rs4676273|G/A	10	5	14	1	2	4
rs67124498|A/G	494	347	499	847	599	835
rs76833657|G/A	37	26	29	48	17	29
rs7042420|C/T	271	148	138	695	425	444
rs2595004|C/T	13	12	17	47	39	39
rs230767|A/G	5	5	6	3	2	2
rs34559191|C/T	557	296	430	160	113	141
rs230762|A/G	12	5	9	3	3	4
rs7903981|C/A	11	3	6	4	2	2
rs11651971|G/A	35	20	11	11	10	6
rs112493812|G/A	8	5	5	6	1	3
rs572482907|T/C	3	1	7	4	4	3
rs11424|C/G	194	124	222	148	102	170
rs58809476|C/T	723	513	662	359	220	355
rs112899542|A/G	349	283	450	397	296	518
rs78215486|C/T	225	168	195	360	219	237
rs76789475|A/C	14	10	17	51	32	48
rs230783|G/T	11	8	15	4	1	0
rs62233159|G/A	272	204	291	70	54	89
rs36105845|A/G	3640	2652	3520	3169	2066	3119
rs4794859|T/G	22	17	36	36	29	54
rs9217|T/C	16	11	15	43	16	53
rs62087947|G/A	442	249	426	57	29	59
rs17486922|T/G	9	10	6	4	1	1
rs11102050|A/C	120	75	118	160	113	153
rs2082068|C/T	105	53	112	123	75	129
rs7495437|A/G	168	88	151	119	67	99
rs113856644|G/A	95	57	102	16	5	20
rs3885074|C/A	61	42	36	40	39	32
rs145605569|C/T	210	147	207	154	114	194
rs572760195|T/C	522	287	470	158	82	151
rs13149406|A/G	212	121	173	356	232	347
rs11638325|A/G	58	32	31	29	17	40
rs6548240|C/A	275	171	257	1964	1286	1815
rs9304841|C/T	20	13	16	4	4	8
rs6696397|C/A	252	196	218	695	489	645
rs8076642|A/G	97	50	70	637	406	460
rs266846|C/G	190	145	181	103	87	101
rs80120913|C/G	0	0	1	8	7	4
rs7965579|A/G	124	90	119	223	160	214
rs188811675|T/C	12	8	20	27	20	52
rs4930272|A/G	203	137	223	160	128	202
rs7646518|T/C	13	8	13	27	16	21
rs498782|A/G	655	503	780	363	292	448
rs12150127|G/A	1	1	2	13	8	24
rs2038677|C/G	69	60	82	576	414	593
rs941306|C/T	10	4	6	8	4	4
rs111323716|C/T	351	307	484	165	122	191
rs2492502|A/G	375	231	316	141	129	126
rs11701737|A/G	25	26	12	99	54	70
rs7119817|C/A	34	24	37	14	7	8
rs213768|A/T	9	4	3	28	9	16
rs557885236|G/T	4	2	6	0	0	0
rs3779456|T/C	1046	642	903	565	315	427
rs4525538|A/G	2884	1927	2513	1018	740	1013
rs6504057|A/G	2	6	3	15	10	7
rs2316763|C/T	445	377	425	524	365	477
rs78453308|G/A	18	13	14	4	2	5
rs6778003|T/G	54	30	31	18	14	21
rs2303695|C/T	2124	1301	1812	301	182	273
rs2316769|A/G	16	15	28	5	10	10
rs2316768|G/T	32	28	38	58	34	45
rs9596220|T/C	211	126	245	150	85	168
rs1638003|A/G	17	8	7	24	7	16
rs1145656|C/A	2850	2072	3072	147	93	167
rs1380416|T/C	14	8	1	7	4	1
rs55924019|A/G	11	6	12	21	11	11
rs78917495|C/T	22	11	32	49	23	46
rs17617941|T/C	21	13	13	44	27	31
rs3800377|A/G	69	50	105	21	18	39
rs7935347|G/T	108	56	114	436	280	457
rs2769711|C/G	59	36	42	75	46	72
rs542442671|C/A	7	2	4	2	2	1
rs2305842|G/A	0	0	0	15	12	17
rs4147247|C/G	767	609	765	1166	822	1084
rs62056786|T/C	468	313	450	972	601	745
rs17571857|A/G	15	7	12	10	12	17
rs9525502|A/G	50	20	31	31	28	34
rs1410873|C/G	106	83	78	379	261	336
rs4803848|T/C	112	70	166	92	66	94
rs6561002|T/G	21	9	16	19	8	20
rs73717387|A/G	2	3	8	4	2	0
rs1874315|G/A	59	28	52	110	45	95
rs7178242|C/T	11	10	6	18	8	9
rs7717406|A/G	320	223	242	364	215	232
rs13217271|A/G	4	0	0	9	2	2
rs113916029|A/T	0	0	0	32	28	51
rs67615407|A/T	3	2	3	3	3	8
rs3181248|G/A	23	15	32	11	6	17
rs2256609|A/G	8	3	9	7	4	4
rs10857811|T/G	6	4	6	1	2	3
rs7787825|A/G	102	83	127	77	59	104
rs2506878|C/A	19	16	36	5	5	5
rs7225449|G/A	340	230	326	154	77	151
rs1880750|T/A	45	27	39	21	16	24
rs7213885|T/A	113	68	106	83	48	94
rs2398661|C/A	100	64	84	143	90	141
rs471349|T/C	9	0	7	11	8	5
rs9348876|C/T	19	9	28	9	5	15
rs6503408|C/T	173	108	144	100	55	93
rs146447986|C/T	6	8	12	0	1	1
rs11666117|A/C	91	73	87	429	263	400
rs4987845|C/T	110	65	89	123	73	136
rs8065497|A/G	9	9	6	23	23	23
rs2129869|A/T	5	3	2	6	1	5
rs4664604|C/G	6	5	9	5	2	5
rs12494985|G/A	8	8	2	3	1	1
rs11881300|A/G	4282	2937	4122	1568	1069	1431
rs727479|C/A	20	16	15	5	2	6
rs6737937|G/A	3	1	1	25	13	15
rs1558902|T/A	164	96	148	40	31	31
rs10409483|C/G	4	1	3	15	3	12
rs34006994|C/T	27	19	24	35	22	36
rs17575423|T/C	18	13	29	3	3	6
rs6689074|T/C	12	0	6	1	2	8
rs2668670|A/C	73	25	38	66	32	51
rs13405076|T/C	18	8	15	25	13	26
rs57505611|C/T	220	155	163	69	43	73
rs11653144|C/T	33	24	37	32	12	22
rs12931242|T/G	5	6	13	21	2	19
rs588447|A/C	85	58	78	114	65	115
rs2941586|A/T	45	31	69	33	27	63
rs1293672|A/G	15	8	19	37	18	32
rs79348289|T/C	4	5	4	3	1	4
rs11802776|G/A	13	3	2	1	6	3
rs12948045|T/A	249	170	245	291	166	281
rs4794197|C/T	10	11	6	2	3	0
rs4952562|G/C	9	9	10	26	11	25
rs7559428|A/G	182	121	146	558	420	563
rs10734390|T/A	4	1	2	4	6	6
rs60576643|T/A	22	17	26	20	10	14
rs74717325|G/C	63	36	61	34	14	13
rs13344784|C/T	215	151	234	557	435	661
rs452727|A/G	11	6	10	16	7	17
rs17532412|C/A	28	21	40	58	31	67
rs12482367|G/A	0	0	0	7	5	12
rs10066387|G/T	178	124	213	418	259	497
rs3932167|T/G	6	4	9	10	2	9
rs2010404|C/A	5766	3917	5158	2272	1567	2502
rs2541583|A/G	176	133	157	290	212	359
rs34487973|G/A	513	341	442	431	277	411
rs6956946|T/G	8	5	12	32	15	42
rs77604208|C/T	9	6	9	3	0	7
rs113313727|G/A	21	7	28	8	1	4
rs75033859|C/A	3	3	0	4	4	2
rs34444272|G/A	83	39	45	102	64	81
rs61296092|T/C	1965	1356	2051	727	515	749
rs66768878|T/C	13	8	16	7	6	4
rs11088271|G/T	159	122	209	49	39	63
rs555776298|T/G	780	441	734	574	325	505
rs7705853|A/G	658	476	632	839	553	745
rs188760|C/T	1	1	3	33	21	41
rs9668959|G/C	2667	1542	2446	2373	1358	2192
rs117787934|C/T	194	114	129	96	50	48
rs7873327|A/G	8	3	4	0	0	0
rs6120329|T/G	15	9	7	25	10	13
rs57958330|G/T	688	524	862	1564	1166	1827
rs117488543|G/A	24	11	14	10	4	7
rs141766944|C/T	84	46	85	87	53	78
rs17563986|A/G	11	6	13	47	36	48
rs16826069|A/G	37	24	53	19	10	18
rs10777536|G/A	62	41	101	133	79	118
rs56184817|T/C	4	5	6	8	4	3
rs77294312|G/C	22	14	14	29	13	13
rs17763596|G/T	59	29	52	176	120	162
rs2504069|C/T	90	53	86	49	20	38
rs76940144|C/T	6	1	2	9	2	10
rs79293336|G/A	0	0	2	10	7	3
rs1736207|C/G	97	49	65	101	54	59
rs1736206|C/T	234	142	233	92	52	65
rs1736202|G/A	887	612	774	1081	755	995
rs11670039|T/G	3812	2708	3934	2796	1963	2869
rs2696432|C/T	19	13	15	107	82	102
rs636374|A/G	120	93	147	213	160	197
rs78371015|C/T	212	191	221	454	327	526
rs2025096|G/A	166	117	197	269	194	323
rs2370744|A/G	45	23	24	199	130	182
rs8102405|C/T	25	9	25	13	8	12
rs2089898|C/T	33	17	22	11	8	8
rs7773093|C/T	5	4	7	24	8	21
rs729782|G/C	35	40	50	80	64	79
rs17447982|C/T	29	18	14	22	10	15
rs251390|G/A	11	7	13	24	18	26
rs114459062|G/A	19	14	19	54	47	51
rs2834845|G/A	0	0	2	10	7	10
rs2834842|G/C	99	58	104	164	108	160
rs75919795|T/C	7	2	2	0	0	0
rs73130140|A/C	28	18	29	36	15	36
rs7222480|G/T	74	29	48	66	36	62
rs4704959|A/C	3	2	3	6	6	7
rs17576842|A/G	4	4	4	27	8	24
rs55686611|A/C	11	8	11	21	9	28
rs76895963|T/G	3	4	4	4	1	6
rs11175835|G/A	139	64	113	102	59	120
rs2292578|T/C	21	13	22	8	7	5
rs112060848|G/T	1435	1050	1625	2745	1887	2781
rs2276700|C/G	8	2	5	5	4	8
rs7218653|A/G	6	3	8	13	8	11
rs12175261|T/G	5	5	4	11	10	10
rs10843388|G/A	114	65	112	219	116	166
rs16942624|C/T	100	68	134	194	156	280
rs7121378|T/C	12	8	10	0	0	0
rs113810201|A/G	12	9	15	3	3	1
rs116271212|C/A	55	39	54	1	2	7
rs115657253|C/G	2	2	0	5	3	5
rs10896341|G/A	26	26	23	30	13	31
rs12601576|C/T	178	114	153	116	63	117
rs7775814|G/A	79	56	130	114	80	139
rs4948496|T/C	61	38	57	289	190	293
rs74174352|T/G	7	2	2	2	0	3
rs10471947|G/A	1823	1192	1694	2401	1564	2205
rs641760|T/C	1382	994	1270	2416	1571	2264
rs61782190|A/C	31	16	24	29	23	34
rs6559751|A/G	14	8	19	21	11	15
rs45439498|A/G	337	191	272	361	207	328
rs45555735|G/A	158	65	126	139	88	118
rs28758879|G/A	119	68	112	413	270	366
rs77269686|T/A	49	19	42	59	32	36
rs2723555|T/A	34	14	23	40	21	45
rs16994431|G/A	27	17	20	15	16	33
rs71382566|A/G	42	28	21	62	53	44
rs56400821|C/A	580	288	383	81	53	53
rs4757354|A/G	11	4	12	14	9	12
rs523029|T/G	24	22	25	0	0	0
rs12940389|G/A	626	439	694	16	15	21
rs2287326|T/G	417	266	380	343	243	300
rs9464335|C/A	304	163	277	198	115	228
rs2710020|T/C	22	9	12	31	18	20
rs17650301|A/C	9	2	6	14	3	4
rs57171530|C/G	0	0	0	5	3	5
rs72938548|T/G	19	10	4	8	14	10
rs373853|G/A	496	336	539	165	137	216
rs535726547|G/A	11	3	7	22	8	17
rs11667435|C/T	1558	1111	1739	1001	690	1085
rs57754579|A/G	123	103	135	438	276	422
rs544255850|A/G	523	282	421	798	396	494
rs4749652|C/T	139	84	154	90	52	75
rs566209918|A/T	60	36	56	90	65	98
rs55831516|C/T	51	19	47	40	25	33
rs41280116|C/T	844	544	644	424	255	300
rs11672614|C/T	27	24	42	85	61	78
rs111684288|G/A	342	213	279	324	219	322
rs413917|G/A	28	18	23	13	5	9
rs11079173|A/C	9	9	12	22	14	14
rs6493460|T/A	71	28	43	34	21	43
rs1424552|T/C	58	58	71	38	14	24
rs57109552|T/C	7	3	1	1	0	1
rs12609437|C/T	239	209	217	169	123	124
rs7072854|T/C	556	354	562	539	347	512
rs6119548|A/G	10	1	3	13	10	9
rs2160013|C/T	195	149	238	88	51	99
rs17575437|T/A	51	24	33	32	14	30
rs17039107|C/T	42	28	44	120	103	102
rs139062737|G/A	739	499	854	884	552	959
rs9898343|T/C	314	177	220	474	291	391
rs79968656|A/T	7	5	5	5	5	5
rs62229404|C/T	1164	776	1352	1889	1256	2340
rs2284073|T/C	4	5	3	19	18	24
rs42377|G/A	5	2	3	6	3	3
rs3741619|G/A	580	396	721	426	354	622
rs73583978|A/C	34	23	32	55	26	37
rs706801|A/G	7	4	7	6	4	6
rs10180005|C/G	27	12	18	33	13	17
rs1467561|T/C	498	320	512	433	293	459
rs7559416|A/G	889	604	820	3277	2343	2889
rs4729618|C/T	382	251	437	260	146	309
rs7290019|G/A	188	108	196	339	172	316
rs111314258|T/C	9	8	8	3	2	2
rs12902196|C/G	59	28	36	113	77	139
rs62358725|A/G	22	18	19	7	8	11
rs112123127|C/T	63	40	48	77	31	67
rs6874|C/T	208	139	256	69	34	75
rs241029|T/C	43	37	43	60	41	79
rs6888871|A/G	5	0	1	10	6	7
rs10962290|A/C	2817	1863	2476	681	477	654
rs12578112|C/T	499	375	473	436	297	449
rs76730553|C/T	2	1	2	6	4	5
rs28587205|A/T	1	1	0	5	1	5
rs2979821|T/A	12	4	10	8	3	4
rs12467432|C/T	3766	2327	3041	4368	2731	3617
rs58165285|C/T	129	97	149	31	25	34
rs6941626|T/C	110	92	157	7	4	14
rs79872807|A/G	6	7	5	22	10	16
rs7107790|G/A	71	56	80	46	23	36
rs2792433|T/C	144	128	190	74	53	88
rs112674766|A/T	64	31	52	161	112	142
rs9626459|A/G	19	10	16	86	45	74
rs17160520|G/A	6	1	4	4	2	8
rs117674193|C/T	23	22	26	36	24	41
rs4926127|T/C	44	28	48	60	22	46
rs567428298|A/G	24	14	20	14	15	14
rs572616442|C/T	25	13	11	21	16	16
rs6973369|A/G	89	59	60	28	19	26
rs78342715|C/G	573	397	770	503	304	619
rs2309751|A/G	28	21	34	137	91	139
rs12485642|C/A	0	0	0	8	5	9
rs544076796|C/A	275	184	221	247	127	179
rs563972143|A/T	10	4	7	12	5	13
rs62060769|G/C	9	4	12	5	4	10
rs8081577|G/C	23	15	11	23	18	24
rs2687950|C/T	10	5	10	3	2	7
rs75716851|T/A	20	15	29	14	5	11
rs74129028|A/C	3	3	4	6	1	4
rs79674812|G/A	38	17	37	68	58	91
rs58030780|G/A	282	221	292	641	431	642
rs10861970|C/A	143	74	100	194	134	199
rs11625265|A/G	413	258	407	388	239	356
rs4821810|C/G	91	68	99	8	12	19
rs4821815|G/A	1646	1223	1843	571	460	718
rs17710998|A/G	364	197	279	412	240	335
rs75923656|T/C	1	2	5	4	2	8
rs151165225|C/T	71	39	54	137	85	99
rs3746448|C/T	196	155	245	378	338	515
rs2532412|A/G	16	12	19	7	10	14
rs2532417|C/T	11	20	7	13	8	22
rs9899411|A/G	40	12	27	57	29	62
rs187187134|G/A	262	181	217	173	98	144
rs12907587|G/C	30	8	18	126	92	90
rs9643355|C/A	209	135	204	114	71	119
rs72744832|T/C	7	6	13	0	0	0
rs6697001|C/T	205	158	192	283	193	280
rs5998619|G/A	218	221	263	255	217	268
rs4929908|G/A	235	163	206	352	215	294
rs78781371|G/A	314	163	308	126	85	142
rs11959068|G/T	6	4	4	1	2	0
rs10756782|C/A	318	253	299	29	19	50
rs165986|G/A	35	27	26	29	16	18
rs7178824|G/C	2779	1736	2221	2325	1613	2000
rs346082|C/G	356	255	435	209	136	250
rs6429781|C/A	21	6	17	28	22	17
rs7959150|A/G	469	345	342	469	309	332
rs17664048|A/G	16	8	10	11	11	5
rs73532348|C/T	8597	6011	9781	2918	1942	3270
rs34656141|C/T	255	164	250	157	95	152
rs3743347|C/A	11	8	14	74	40	92
rs7280456|G/A	51	39	64	100	54	82
rs12980248|T/C	95	55	88	166	115	199
rs11755391|G/A	28	21	20	34	22	42
rs115835880|T/A	20	13	16	38	25	29
rs1983490|G/A	747	486	712	543	375	530
rs34627158|C/A	34	40	17	25	15	24
rs2942170|C/T	86	43	86	96	62	108
rs4686683|T/G	20	7	15	114	57	81
rs6751994|A/G	34	9	26	18	13	13
rs7223540|G/C	19	27	33	11	7	14
rs6751993|A/G	5	6	2	17	9	7
rs2589962|G/A	32	21	29	8	2	8
rs241023|G/A	40	23	29	122	72	90
rs562641029|T/G	29	24	26	18	11	30
rs149534615|G/C	387	242	376	651	334	516
rs11114064|A/G	1512	953	1471	684	429	653
rs79332332|G/T	196	95	173	262	149	227
rs6517519|A/G	147	82	122	100	64	105
rs6731135|T/C	13	10	10	15	13	12
rs12973356|C/G	78	59	80	119	70	97
rs75937733|A/G	71	52	73	75	42	77
rs16958816|T/C	24	20	24	26	16	12
rs2235741|C/T	566	344	521	606	329	555
rs73399615|G/A	58	29	56	44	18	28
rs2235744|G/A	788	539	720	1384	1028	1274
rs8043270|C/T	11	9	17	15	10	11
rs7015516|A/G	221	136	229	255	165	255
rs6688051|C/G	155	115	128	334	269	363
rs12259731|G/A	46	13	28	0	0	0
rs10002|G/A	734	444	671	367	206	358
rs351995|C/A	1457	1047	1656	886	613	919
rs72936524|G/A	2457	1601	2030	1440	824	1072
rs7162631|A/G	259	139	206	150	103	163
rs62048402|G/A	17	9	10	5	2	7
rs141813333|G/C	133	93	172	179	143	192
rs77061610|G/T	520	303	537	248	150	313
rs115484560|T/G	60	33	42	42	22	35
rs2668665|G/A	7	1	4	4	0	1
rs2283789|T/G	17	8	8	31	16	16
rs75064234|A/G	196	142	201	205	166	267
rs763585|G/A	140	103	152	25	5	16
rs57598348|T/C	11	4	4	31	19	15
rs62063799|C/G	120	76	78	109	62	90
rs4865941|T/C	10	5	8	14	11	13
rs34445564|A/T	14	4	13	30	21	29
rs60203782|G/T	57	27	34	70	43	71
rs7938467|C/G	37	19	42	83	58	77
rs7902719|C/A	54	36	72	11	5	10
rs10767632|C/G	38	24	40	21	12	16
rs10767635|C/T	8	5	16	27	17	18
rs4703937|G/A	37	27	33	28	20	29
rs1783541|C/T	0	0	0	18	10	21
rs11170786|G/A	98	85	131	163	116	256
rs6879995|C/A	59	31	36	247	148	175
rs576947229|A/G	0	0	0	16	12	26
rs11170785|C/T	80	55	83	77	44	73
rs6469765|T/C	20	25	20	88	74	116
rs61684153|G/C	186	140	205	191	147	196
rs12829456|C/T	189	147	201	720	460	637
rs10900843|A/G	4	3	4	16	10	14
rs12091731|C/T	4862	3173	4328	3206	2068	2968
rs2429438|G/C	74	49	83	197	114	153
rs6955362|C/T	12	11	12	8	3	2
rs9535738|G/T	17	10	8	7	5	2
rs16864036|T/C	132	101	124	159	120	185
rs10489880|A/G	31	22	24	88	70	110
rs739645|T/G	196	138	181	303	188	264
rs4340687|T/C	693	459	590	736	481	655
rs10887114|T/C	15	14	24	10	7	11
rs559790424|A/G	21	18	32	46	30	80
rs17626220|A/G	14	5	9	50	28	37
rs7783457|A/G	51	40	83	27	22	33
rs9896684|G/A	284	202	289	133	103	169
rs17739125|T/C	44	26	58	69	43	95
rs12460349|C/T	35	23	51	12	7	18
rs73082474|A/C	32	15	27	10	4	17
rs7215879|G/A	2804	2097	3369	4000	2900	4542
rs9596219|C/T	6	10	9	13	13	23
rs1570255|G/C	10	2	13	23	19	23
rs2301944|C/T	899	526	1079	790	491	849
rs544380840|A/T	2	0	2	16	12	13
rs77663417|C/T	27	13	11	73	40	57
rs8140110|C/T	3	1	4	12	7	16
rs6496796|T/C	3	5	4	6	7	8
rs1599969|C/T	492	311	463	479	368	440
rs17560706|T/G	2	4	7	10	5	15
rs2881935|C/T	366	248	445	92	58	105
rs2028162|T/C	10	3	12	5	0	4
rs10423017|G/T	315	197	266	889	662	779
rs55684140|T/G	50	30	50	12	10	16
rs74496580|C/A	398	259	393	188	146	204
rs11688129|T/C	27	9	24	29	20	12
rs55788678|C/T	2879	1723	2716	3353	2146	3254
rs1548807|T/G	63	34	50	153	86	113
rs573082572|T/G	12	9	11	10	6	4
rs1021679|A/G	127	77	150	195	117	197
rs4561245|T/C	333	215	306	245	172	244
rs62055464|T/G	207	146	207	569	448	684
rs10875906|C/T	85	61	77	5	5	7
rs7223228|T/C	26	21	21	35	15	43
rs564717292|C/T	367	239	318	107	58	92
rs1915443|T/C	42	16	26	82	43	83
rs16941035|T/G	9	3	4	6	3	9
rs6505130|G/A	18	16	26	170	113	161
rs569025098|C/T	66	45	60	128	75	122
rs2631299|G/T	1081	793	965	660	488	572
rs747091|T/G	31	14	19	26	20	26
rs6498143|T/G	1307	982	1476	553	367	651
rs2532407|T/C	5	4	2	6	4	6
rs5770931|T/C	43	30	40	80	51	74
rs12947597|C/T	428	264	498	115	62	125
rs34934239|G/A	264	165	220	11	8	9
rs939666|C/T	57	30	40	70	46	62
rs2240217|C/T	219	163	246	170	108	186
rs939669|T/C	37	26	54	13	12	20
rs2854224|C/T	213	132	240	13	23	28
rs2012144|C/T	136	72	94	645	391	564
rs55718193|A/G	2	0	2	6	2	3
rs1717721|C/T	8	5	9	1	1	1
rs2293158|T/C	35	29	39	53	30	51
rs1985076|T/C	129	80	135	34	29	58
rs4389179|C/T	42	29	76	37	23	35
rs2795913|G/T	2	7	8	8	8	8
rs12150447|A/C	352	230	416	431	233	459
rs174538|G/A	1199	957	1427	602	402	672
rs6440006|G/A	7	5	2	9	3	5
rs10069491|T/C	15	6	11	4	5	4
rs184978907|G/C	1537	988	1673	1999	1346	2057
rs8063180|G/A	912	554	855	471	260	387
rs74261249|A/T	8	0	3	6	3	2
rs28633567|T/C	8	4	7	36	35	36
rs56258199|A/G	804	516	678	777	451	607
rs549413112|A/G	52	19	53	134	78	135
rs145846918|C/T	193	129	218	150	123	191
rs4569456|G/A	380	240	358	742	519	873
rs7733216|T/C	483	251	351	377	224	282
rs2292554|T/C	912	683	977	1452	976	1383
rs75024603|C/T	122	99	153	267	177	312
rs1736221|A/G	67	57	69	19	12	20
rs6672925|G/A	83	48	69	45	28	30
rs833823|A/G	345	229	293	140	104	126
rs1734114|A/G	10	4	4	0	0	0
rs1865803|T/C	3	3	2	10	5	4
rs62056785|T/C	1311	874	1377	1265	809	1335
rs1769725|T/C	168	103	147	178	101	153
rs11672590|A/C	52	21	32	35	14	25
rs6485702|T/C	2112	1378	1979	1373	935	1207
rs113861924|T/C	112	54	90	137	77	133
rs11704286|T/G	0	0	1	4	5	3
rs2296029|C/T	74	44	69	115	97	141
rs2942169|G/C	1530	878	1003	1884	1116	1154
rs10859136|A/G	2	0	0	5	2	5
rs13080468|C/T	468	347	425	870	639	893
rs111528363|C/T	217	158	257	105	70	121
rs7255019|A/G	55	30	58	134	88	146
rs241039|A/T	3	3	5	11	9	11
rs145848989|T/C	1	3	0	16	14	16
rs241030|A/G	363	253	336	381	204	318
rs241033|G/A	570	393	475	633	457	584
rs75884992|T/C	3580	2529	3008	3468	2405	2960
rs6619|T/C	9	9	8	1	0	0
rs8071005|G/A	28	18	27	44	23	24
rs62060768|G/A	0	0	0	9	3	7
rs2402556|C/T	5	3	8	2	1	4
rs56298110|A/G	113	65	123	96	45	95
rs2601195|G/A	54	34	49	80	44	74
rs17577024|G/A	20	5	14	3	1	4
rs12591775|C/A	1672	1210	1951	1756	1306	2064
rs6896107|T/C	3942	2843	3740	4080	2902	3857
rs10878986|T/C	35	27	32	15	11	15
rs413844|G/A	5	1	5	5	4	9
rs4793172|A/T	20	24	20	18	7	22
rs2272828|A/G	27	16	18	43	36	73
rs10830956|C/T	5	2	3	7	2	5
rs7284348|C/T	33	16	42	138	73	171
rs35320790|C/A	303	225	337	365	293	445
rs5749480|A/G	40	27	33	43	31	36
rs74063255|G/A	8	4	17	14	15	19
rs190296569|C/T	292	203	343	94	73	98
rs13217571|G/A	15	6	6	4	5	2
rs186692714|T/G	11	2	2	9	2	2
rs1810067|G/A	421	257	308	378	246	318
rs4488059|T/C	468	286	455	320	201	313
rs11862081|A/G	9	7	4	22	9	6
rs11764781|C/A	55	39	51	69	53	75
rs708100|G/A	159	91	172	67	49	73
rs9894076|G/A	5	7	4	41	27	32
rs117400692|C/A	330	190	295	162	95	145
rs1388387|T/C	19	14	11	4	1	9
rs36066545|G/A	258	171	227	393	246	364
rs55673092|G/A	124	64	85	25	14	19
rs12913603|A/C	85	59	61	59	27	41
rs28660334|C/G	231	114	196	204	121	151
rs17564153|G/A	275	164	274	319	188	347
rs9388008|C/A	15	9	15	29	13	23
rs79381451|A/G	12	13	12	9	7	12
rs72784621|C/T	1209	813	1052	1936	1277	1983
rs554899842|T/C	298	155	263	85	38	79
rs554127484|C/T	4	3	6	5	2	5
rs11242313|A/G	1	1	1	11	3	5
rs11242312|A/G	131	79	126	195	108	181
rs72806653|C/A	115	71	117	53	36	51
rs550434352|G/A	5	3	9	1	1	1
rs1402274|T/C	65	71	86	98	53	75
rs12722864|C/T	115	48	76	136	57	93
rs11078680|G/A	1000	554	733	441	242	298
rs7211615|A/G	829	567	799	1243	874	1214
rs11078685|C/T	89	47	98	146	83	164
rs10805474|A/T	249	164	202	337	190	241
rs5757135|C/T	20	12	18	19	8	12
rs8032921|T/C	8	12	19	6	6	7
rs2239626|T/C	60	37	80	68	35	75
rs28558703|G/C	448	276	461	409	254	347
rs537757858|C/T	6	6	1	3	0	0
rs564973192|A/G	10	7	16	9	5	8
rs62360531|C/T	9	3	10	9	10	4
rs7931915|A/T	6	0	3	6	3	5
rs765991|A/G	125	73	122	51	54	62
rs113142397|G/A	9	7	15	3	3	1
rs2576362|G/T	101	48	97	199	86	196
rs1001172|C/T	3833	2494	4041	2823	1769	2959
rs562098568|C/T	38	35	42	49	29	45
rs11621193|C/T	17	13	14	14	8	16
rs11231138|C/G	0	3	1	12	4	8
rs13024654|G/T	17	4	12	7	8	10
rs73043288|C/G	86	32	49	65	49	53
rs543465293|C/T	5	3	7	5	2	3
rs1864440|A/G	861	626	1037	1571	1150	1947
rs4671646|G/A	8	6	7	18	16	15
rs2273182|A/G	24	18	27	32	17	21
rs140868667|G/A	1778	1170	1448	1618	1006	1343
rs144922911|C/T	678	403	648	1216	703	1210
rs903824|G/A	9	6	18	4	2	3
rs113932433|G/A	349	235	370	454	290	483
rs903823|G/A	112	71	107	150	95	168
rs903822|G/C	186	127	214	596	391	732
rs13358894|T/C	30	14	24	18	10	24
rs12426399|G/T	99	48	64	130	68	127
rs518096|C/T	198	124	190	143	61	104
rs3759316|A/C	62	30	62	46	33	35
rs9610510|A/G	208	143	159	178	119	165
rs28611111|A/C	1015	596	1000	478	355	536
rs146281688|G/A	13	11	10	61	26	19
rs7740188|G/A	94	54	98	4	1	11
rs1151490|A/C	66	44	91	117	76	177
rs17053711|G/A	97	57	83	74	41	45
rs62062813|G/A	2487	1852	2155	59	50	46
rs79035495|C/T	7	1	4	10	3	3
rs3087502|G/A	209	148	184	272	176	249
rs10451283|T/C	14	7	20	6	2	11
rs17697480|G/C	104	79	112	29	24	38
rs78201026|C/T	21	15	35	98	65	97
rs562599|A/C	4	4	9	0	0	0
rs1000777|A/G	2114	1411	1781	4154	2820	3572
rs13273257|A/G	38	10	20	167	69	183
rs7715539|C/T	8	3	9	4	1	0
rs56221953|T/G	57	31	44	77	63	92
rs6791988|T/C	1139	728	963	1338	956	1341
rs71381305|G/A	427	282	423	887	638	820
rs10876529|T/C	32	12	36	13	6	14
rs10434745|A/G	80	52	71	14	13	20
rs7105119|C/T	26	12	36	72	46	76
rs2282978|T/C	49	29	55	50	24	45
rs1346|A/T	27	11	14	54	30	29
rs12225548|C/G	335	198	332	369	257	418
rs5757251|G/A	1674	1315	1864	1229	948	1386
rs567324860|G/A	8	3	5	5	1	3
rs2834837|T/G	3	3	4	4	3	4
rs112364920|A/T	65	23	41	48	30	27
rs4878552|T/C	88	49	79	95	53	64
rs629301|G/T	799	575	836	723	462	638
rs12592400|C/A	140	115	182	56	34	37
rs1365331|A/G	75	50	82	108	69	119
rs5749479|G/A	2	2	6	27	24	35
rs4759409|G/C	2	2	7	1	1	13
rs378392|C/G	10	13	12	19	7	8
rs12470457|A/G	2	1	2	6	3	7
rs4564621|G/C	1089	902	1053	1077	828	1103
rs75576950|C/T	96	57	98	68	36	70
rs10883795|T/C	97	73	104	64	44	87
rs693906|G/C	203	151	221	345	267	376
rs144327849|T/C	1	0	0	29	10	8
rs2396049|A/G	228	116	230	523	366	549
rs11689667|T/C	40	33	60	65	30	75
rs6975514|T/C	2	1	0	6	3	7
rs72780194|G/A	2	2	3	6	4	3
rs72780193|A/G	9	2	6	5	0	7
rs11728766|G/T	5	11	11	26	16	27
rs67261871|T/C	165	112	212	228	141	242
rs62055460|G/C	4	3	4	8	5	8
rs34010330|G/C	1621	1139	1603	1104	664	961
rs13312727|T/G	5625	4026	4942	7406	5285	6440
rs76421814|T/C	3117	1860	2322	6860	4175	5374
rs12992109|T/C	61	18	36	51	20	36
rs2601181|C/T	425	285	498	78	58	86
rs17019952|C/A	124	81	110	84	53	74
rs41400646|A/G	8	6	6	4	1	7
rs10171410|A/G	110	88	119	434	346	487
rs17574604|A/G	1	1	0	12	11	10
rs1716171|C/T	35	23	23	41	22	31
rs12050936|A/G	25	18	24	30	18	20
rs1716175|A/T	34	14	26	40	20	24
rs12461296|C/A	0	0	0	6	7	9
rs62131480|G/C	898	619	1062	988	727	1224
rs35632316|G/A	480	326	491	94	52	89
rs6120812|T/C	92	71	87	43	32	44
rs11654342|G/T	73	48	81	148	97	165
rs80028338|A/C	412	240	393	373	255	344
rs7589236|C/G	69	39	91	27	12	33
rs78454137|G/A	102	53	78	55	32	40
rs455028|T/C	229	182	251	39	30	40
rs2391440|T/A	85	51	44	91	35	47
rs62063684|T/C	12	5	6	1	1	0
rs62063682|G/A	264	169	201	604	338	505
rs5757252|G/T	146	72	152	5	2	2
rs62063680|C/A	187	120	159	116	75	102
rs62063681|A/G	92	35	68	496	309	434
rs2072304|A/G	490	380	443	503	400	481
rs7787376|A/G	3	4	6	0	0	0
rs5754295|C/A	74	42	46	244	170	228
rs12741444|C/T	20	11	18	26	13	24
rs1962269|C/T	4446	3392	3690	3186	2301	2627
rs149526962|C/G	55	43	94	31	18	44
rs4848971|G/A	12	4	8	11	6	8
rs9909628|A/T	0	2	3	18	10	16
rs9788007|T/C	35	28	30	52	27	41
rs139838|G/A	116	76	140	103	65	117
rs8067470|A/G	362	200	430	164	103	180
rs28628001|G/A	9	3	5	4	2	2
rs2846139|C/T	750	483	833	1016	771	1108
rs115238300|A/G	1703	1170	1973	1287	1026	1656
rs10818937|C/T	2	1	1	4	1	5
rs11023813|G/T	164	124	145	190	138	179
rs7038212|A/C	78	57	66	71	61	83
rs117587601|A/T	33	26	37	47	24	23
rs4270219|A/G	29	14	31	54	37	57
rs72927149|G/C	331	271	398	777	580	924
rs1535104|C/T	54	40	85	62	38	71
rs74699275|A/G	9	1	5	1	2	5
rs2696296|C/T	212	123	181	165	101	153
rs112766864|A/G	163	107	164	150	94	149
rs12288301|A/C	32	19	31	10	3	14
rs9895423|T/C	205	148	245	180	127	253
rs62062270|T/C	3033	1985	2989	4111	2920	4397
rs75013658|G/A	71	38	61	40	20	36
rs13384207|G/A	879	602	837	2351	1628	2211
rs548630|A/C	143	94	120	105	71	103
rs2696610|A/G	3	1	6	10	3	7
rs12441437|C/T	92	34	59	111	47	87
rs12985850|G/A	624	404	593	567	344	592
rs2382818|A/T	138	100	159	119	84	109
rs10756785|C/T	199	132	152	161	89	121
rs3091241|C/T	3	3	4	0	0	0
rs10407062|T/C	30	19	23	5	9	14
rs3744251|G/A	196	170	241	254	180	275
rs1620378|T/C	170	133	206	94	64	93
rs434598|G/A	879	628	985	1478	1086	1766
rs7980606|A/G	3	2	5	13	12	8
rs79641193|A/G	5	5	13	2	0	2
rs7727562|C/G	949	654	914	1126	806	1087
rs7969486|T/C	386	266	435	283	178	333
rs12693959|C/T	6	7	8	0	0	0
rs112381903|A/T	91	50	109	91	46	98
rs9902472|C/A	148	86	125	137	99	138
rs62064436|C/T	13	1	14	16	15	12
rs5024618|A/G	27	9	19	69	36	34
rs34935520|G/A	100	56	81	212	109	186
rs112893440|G/A	50	25	47	22	10	12
rs6503712|T/C	93	61	101	307	211	352
rs6503713|T/C	2	2	3	21	22	23
rs72782294|C/G	24	9	23	19	22	19
rs10073706|T/A	265	154	223	490	275	397
rs2192945|C/T	131	65	65	27	20	21
rs11006924|G/C	59	29	63	3	4	2
rs113167821|T/A	559	360	499	950	610	873
rs8032550|A/C	54	33	36	226	151	219
rs114748949|A/G	32	20	45	27	15	28
rs175047|C/G	4	6	5	18	12	15
rs385691|A/C	840	570	888	862	627	919
rs9877694|A/C	635	435	521	658	457	562
rs10854369|G/A	139	71	152	94	75	113
rs8072289|T/C	13	7	11	10	4	4
rs10772808|G/A	6931	4838	7312	5144	3445	5582
rs2454504|G/A	247	201	275	235	191	219
rs34762299|A/G	26	14	20	60	24	43
rs533657565|A/G	7	3	5	1	0	1
rs1811747|C/A	196	140	248	133	89	157
rs517854|T/C	4166	2782	3629	3657	2660	3069
rs11008222|G/A	2698	1965	2496	1009	670	946
rs2830920|A/G	5	4	3	8	4	4
rs13035558|T/C	100	49	56	304	166	194
rs8101804|T/C	414	327	485	221	172	251
rs7117516|T/C	249	176	264	83	52	82
rs115947495|C/T	781	576	876	410	312	382
rs62057109|T/C	277	153	267	267	170	239
rs62057103|T/C	19	16	20	16	10	15
rs17763533|T/C	2715	1746	1602	1938	1242	1141
rs618617|T/C	152	94	102	847	612	682
rs55942528|A/G	361	230	272	1469	798	1105
rs802838|T/C	12	2	11	7	4	5
rs547806241|C/T	5	0	4	11	4	10
rs17763086|T/G	255	200	292	576	465	641
rs7721287|A/G	13	8	8	19	10	24
rs10765572|T/C	51	18	39	40	31	50
rs62162674|G/C	363	269	451	169	147	191
rs62162671|C/T	439	280	453	397	280	400
rs3019199|G/A	2408	1534	1965	3546	2006	2779
rs175037|T/C	441	352	450	404	321	413
rs73161759|T/C	13	11	7	23	14	20
rs111287200|C/A	1494	935	1377	836	522	717
rs62061848|C/T	13	5	4	3	2	3
rs6000906|G/A	178	130	120	1706	1118	1502
rs2413489|G/C	81	48	85	52	33	48
rs80257979|T/G	94	88	131	87	69	105
rs1989565|G/A	853	546	753	411	267	342
rs72660304|G/A	54	30	41	32	16	29
rs16967620|G/T	10	4	6	6	1	7
rs12530176|G/T	202	104	142	138	78	89
rs12081206|G/C	17214	11524	14115	7259	4719	5794
rs752508|G/A	228	150	159	313	207	190
rs17105613|T/C	164	126	175	133	70	143
rs11670562|T/C	50	32	53	278	186	301
rs11726660|G/A	598	410	597	505	338	498
rs7403271|A/G	53	33	75	39	15	47
rs13361840|A/G	3	4	3	7	6	6
rs73059317|C/T	14	15	23	28	17	32
rs11774363|C/T	1	0	3	6	3	5
rs28484623|C/A	2523	1690	1647	2279	1551	1574
rs9323868|T/A	15	9	8	15	9	14
rs9425592|A/G	135	89	146	272	175	276
rs10737476|G/A	19	10	23	25	21	24
rs544997299|G/T	8	3	6	5	5	5
rs4660732|C/T	133	83	98	11	13	17
rs62233158|G/C	397	262	340	357	227	367
rs73333635|C/G	16	9	15	36	19	41
rs112751772|G/T	628	501	570	493	377	429
rs9402305|C/A	2	0	2	7	2	6
rs1945120|G/A	43	31	54	21	14	40
rs12158096|G/A	769	488	641	541	353	436
rs1245088|A/G	35	22	31	83	48	74
rs539073154|A/C	54	33	51	93	42	49
rs1716182|A/C	434	268	391	487	324	462
rs2003507|C/T	3521	2175	3218	2066	1261	1774
rs10132969|T/A	35	20	32	9	1	10
rs9796949|G/A	676	432	589	282	182	228
rs9375703|T/G	222	152	238	416	274	383
rs7919498|C/T	3354	1818	2550	2111	1260	1651
rs1716169|A/T	25	14	23	11	7	5
rs10089696|C/A	59	35	76	75	60	89
rs6504357|G/A	4660	3342	4581	1311	934	1280
rs6504353|T/C	83	38	47	87	46	77
rs6800383|C/T	148	72	95	177	104	128
rs2732626|A/G	650	452	566	153	120	124
rs2316951|G/C	2	1	3	4	3	8
rs34032619|G/A	705	514	665	1467	1047	1559
rs1389541|G/T	200	119	178	216	114	176
rs6916024|G/A	7	1	1	12	8	14
rs2040844|A/C	23	28	31	313	187	261
rs2040845|G/C	124	89	101	159	111	121
rs4444170|T/C	106	77	143	64	30	87
rs112902525|C/T	227	155	232	244	137	241
rs28412686|C/T	255	177	277	95	54	80
rs2278257|G/C	279	159	287	280	156	258
rs79065019|T/C	60	34	35	67	42	72
rs76492694|G/A	491	254	481	189	146	244
rs566831243|T/G	58	36	57	20	14	18
rs10099032|C/G	11	7	11	21	6	13
rs6944|C/T	2	0	0	8	4	7
rs4925129|A/G	93	51	112	165	121	190
rs2007981|C/A	563	339	532	617	387	658
rs4793022|G/C	6	4	13	2	0	0
rs62456952|G/A	3	1	3	6	4	1
rs4674279|G/A	27	15	42	364	170	306
rs2732712|T/G	77	52	74	111	55	113
rs9616843|T/C	385	231	334	734	466	677
rs12263723|A/G	400	298	351	403	271	393
rs59137598|A/C	86	36	74	369	210	303
rs12049914|C/G	1140	1030	1498	902	728	1135
rs6476428|T/C	6	3	6	9	6	8
rs12591754|A/G	3841	2758	3246	640	467	544
rs6517522|T/C	75	32	62	146	71	92
rs117573122|G/C	17	14	19	21	4	8
rs17706401|A/G	29	14	24	15	12	12
rs2696264|G/A	260	201	292	264	219	254
rs117490084|G/C	9	11	8	37	31	48
rs9909922|T/C	156	93	167	247	144	211
rs62091222|C/A	17	16	19	28	11	54
rs7038680|G/A	0	0	0	8	8	11
rs8139641|G/A	543	347	595	643	385	667
rs7503221|C/A	16	17	23	3	2	6
rs12941500|T/G	184	108	144	242	149	207
rs547291419|T/C	2	0	1	4	2	5
rs2588828|G/A	34	15	37	32	27	33
rs681553|C/T	27	29	33	40	23	64
rs4783745|A/G	12	6	8	5	2	3
rs4134038|G/A	79	42	91	94	52	78
rs246561|C/G	142	69	108	213	125	145
rs4654799|T/G	58	47	44	90	65	80
rs919814|T/C	514	406	536	258	156	219
rs4783748|A/G	2	0	3	17	7	14
rs56391641|G/A	7	1	12	0	0	0
rs681485|C/A	1117	723	877	1115	706	871
rs11247596|A/G	13	16	32	14	12	23
rs2440123|T/C	24848	16596	25405	7723	5057	7799
rs8024631|C/T	27	19	42	9	11	20
rs1155043|A/G	24	11	19	0	1	0
rs113319329|A/T	91	44	48	176	88	156
rs249401|C/T	97	42	85	76	42	76
rs249402|C/T	1	4	3	5	1	5
rs9921222|C/T	481	319	466	152	121	159
rs35135622|T/A	42	24	28	2	1	3
rs10408945|G/T	410	254	310	962	631	827
rs4842698|G/A	10	5	6	17	2	8
rs556952432|C/T	214	110	158	33	24	14
rs2169751|G/C	25	13	22	28	21	28
rs12956326|A/C	9	3	11	28	27	32
rs7224599|A/G	534	437	587	806	667	883
rs11006931|A/G	2999	1995	2719	3652	2440	3135
rs11006930|G/A	22	10	19	7	2	3
rs62071573|C/T	3934	2693	3952	2355	1549	2376
rs3759994|A/G	834	465	755	765	522	714
rs6007594|G/A	2453	1597	2288	4072	2865	3740
rs894737|A/C	3191	2271	3587	4055	2753	3971
rs6898651|T/C	33	13	18	67	30	58
rs62057064|C/T	1949	1074	1552	1441	871	1164
rs62057067|C/T	151	72	117	332	229	309
rs62057063|C/T	17	15	8	13	6	13
rs10202251|C/T	4	3	4	3	4	7
rs2059237|A/G	12	9	7	3	2	4
rs28473508|G/A	35	19	25	14	6	11
rs17334919|C/T	872	564	723	1233	837	1084
rs79252344|A/G	21	18	23	73	46	63
rs7873145|C/T	9	6	8	12	10	17
rs112750178|T/C	867	589	937	613	440	646
rs9911991|G/C	288	158	350	170	107	174
rs6493015|G/T	4	2	2	23	19	17
rs17100298|A/C	10	9	9	4	4	9
rs17760050|A/T	33	9	12	9	6	5
rs8070722|C/T	1587	1065	1539	1868	1311	1809
rs62057111|A/G	416	258	490	164	120	184
rs6142137|T/C	174	113	154	182	117	170
rs12945508|G/T	266	161	250	333	197	300
rs61843571|T/C	4	2	1	4	1	5
rs143413855|G/A	20	12	17	21	12	17
rs1470580|T/A	58	29	48	74	41	81
rs647483|C/T	130	75	127	28	22	28
rs8043881|C/T	585	408	555	679	486	634
rs1894590|G/A	189	141	153	109	83	87
rs12150438|C/T	7	7	0	21	17	10
rs4747464|T/C	78	47	79	79	30	50
rs62060856|A/C	77	55	52	3	8	16
rs10236571|A/G	306	191	302	280	186	289
rs76664639|G/A	45	22	32	38	26	42
rs12911270|C/T	2	4	9	2	5	3
rs28626081|C/G	457	282	361	510	332	493
rs72796139|A/G	45	18	44	39	15	34
rs77288448|C/T	3	4	3	2	3	7
rs9379129|G/A	485	317	457	450	350	469
rs1371048|G/T	16	5	10	10	9	4
rs10042132|C/T	108	71	119	66	35	70
rs12596362|C/T	735	424	688	1519	976	1311
rs11626787|A/G	6	6	4	40	17	24
rs55975204|C/T	0	1	8	2	5	7
rs11846704|C/T	19	16	22	13	16	12
rs9606727|G/T	173	90	180	97	45	74
rs17688249|C/T	63	36	57	61	39	70
rs3891815|T/C	113	57	61	116	54	88
rs79553110|A/G	55	34	67	53	29	40
rs551312659|A/G	70	49	106	11	5	8
rs11704000|C/T	21	7	12	15	5	16
rs1024743|A/C	6	5	8	17	10	23
rs3753250|G/A	3	2	9	0	0	0
rs28595855|C/A	0	1	2	9	4	9
rs7222696|G/A	85	57	82	15	10	19
rs79256915|G/A	21	15	33	9	12	15
rs57813069|C/T	1711	1072	1714	1601	1138	1539
rs9622830|C/G	72	47	74	805	503	946
rs9357303|T/C	75	45	49	20	8	15
rs1277930|G/A	121	74	91	17	2	11
rs6470158|G/T	18	16	21	15	9	23
rs7213935|G/A	74	52	71	80	47	62
rs74932341|C/T	453	264	478	296	194	302
rs71457117|A/G	13	7	5	14	9	15
rs78103988|C/T	4	1	6	15	4	5
rs566214080|T/C	14	5	9	6	2	5
rs12150542|G/A	38	19	38	51	27	56
rs6559969|T/G	28	16	25	25	15	19
rs9893168|T/C	216	149	213	194	161	194
rs10115421|G/T	85	73	117	143	105	140
rs7181543|C/T	1824	1275	1870	760	577	753
rs6006426|G/A	72	50	73	99	71	92
rs7256899|C/G	18	16	30	8	3	7
rs2053206|A/G	1583	974	1307	1079	709	903
rs10508734|T/C	4	5	5	1	1	1
rs56026232|A/C	101	64	86	88	60	75
rs141755090|G/T	43	33	44	2	6	9
rs147178596|T/C	0	1	2	7	2	5
rs13031047|A/G	5010	3108	3893	7770	5229	6054
rs78496390|G/A	1190	747	919	3391	1983	2707
rs116327279|A/G	119	69	98	287	164	255
rs148528915|C/T	266	155	253	145	114	172
rs7290958|A/T	706	504	770	1126	803	1191
rs1518460|A/G	468	290	527	795	496	817
rs9303489|T/C	6	5	1	5	2	9
rs3901638|A/G	1362	923	1177	2608	1816	2351
rs7585687|C/G	48	27	25	61	30	49
rs7214273|C/A	318	204	308	531	295	434
rs4968054|C/T	236	135	199	262	171	256
rs2040611|T/G	2	1	6	10	3	10
rs6928920|C/A	1033	660	897	498	320	448
rs2040612|G/T	99	58	77	73	50	72
rs6698682|T/G	0	0	0	18	15	13
rs8064638|G/A	133	74	157	30	27	46
rs4758965|C/T	62	48	53	30	19	37
rs573536609|G/A	92	60	100	38	28	53
rs180712105|T/A	178	118	143	131	112	125
rs9284362|A/G	5	4	4	62	29	58
rs73122210|A/C	28	17	29	39	15	56
rs4964497|T/G	122	89	128	68	60	83
rs754133|G/A	223	157	256	274	209	247
rs553616014|T/C	42	26	36	101	56	102
rs80346216|G/T	1857	1298	1909	1345	1003	1395
rs3896066|A/G	8	4	14	15	4	4
rs2334095|T/A	65	50	77	127	72	129
rs6966840|A/G	25	12	21	0	0	0
rs2139060|A/T	5	0	2	6	2	6
rs12602034|C/T	3	1	3	136	94	176
rs556968294|A/G	38	27	29	105	55	78
rs1113136|A/G	14	12	16	5	6	16
rs118187252|C/A	55	39	59	4	2	10
rs544272461|T/C	8	7	8	15	0	4
rs9972947|G/A	136	76	84	16	11	14
rs798562|C/T	267	205	260	315	242	353
rs1857115|T/C	1	1	0	6	1	3
rs11675489|A/G	54	35	48	24	10	26
rs147901986|G/A	228	157	241	124	82	141
rs3088225|A/G	2061	1467	2548	3276	2328	4024
rs11654292|T/C	9	4	7	7	5	8
rs113146341|C/T	12	8	12	1	1	0
rs368328|G/A	253	166	265	260	204	292
rs10774438|C/T	84	49	102	161	97	134
rs10947223|G/A	862	539	929	306	182	312
rs139496|T/G	39	27	44	51	30	62
rs115379382|T/C	39	18	50	11	8	5
rs67408364|A/G	25	16	22	16	8	23
rs12623849|T/C	35	28	25	44	32	42
rs11628213|A/C	122	60	92	22	13	19
rs55865707|T/G	42	35	64	91	41	87
rs17101510|C/T	24	10	21	58	43	65
rs79815757|T/C	1	0	0	5	7	2
rs4970486|C/T	37	20	45	23	12	19
rs8025621|A/G	15	13	12	60	42	71
rs2526021|G/A	600	366	489	490	275	388
rs2526020|G/T	116	72	102	59	30	41
rs11851038|T/G	14	10	24	21	13	23
rs2526022|C/T	9	3	5	94	57	85
rs136197|A/G	236	166	238	158	103	125
rs13019636|A/G	20	8	12	21	16	15
rs12603100|T/G	7029	5156	6206	6459	4771	6074
rs533085454|G/A	13	11	10	42	41	56
rs3848649|C/G	349	206	281	97	65	77
rs6431541|A/T	36	28	22	94	53	67
rs57222984|A/G	3	5	6	24	14	39
rs4703939|G/T	6	4	2	7	3	8
rs7097132|A/G	13	5	11	39	29	45
rs139802722|G/A	19	11	18	8	11	17
rs115992891|G/T	55	20	55	34	21	31
rs78976959|G/A	9	6	10	12	5	9
rs116419116|G/A	63	32	61	145	71	99
rs73086421|A/C	3	0	0	22	12	16
rs529311580|A/G	5	1	0	6	2	4
rs28683528|C/T	39	28	27	56	17	39
rs113614909|C/T	130	83	125	53	51	70
rs7131767|A/G	19	13	20	57	31	44
rs4325274|C/G	689	402	486	239	162	203
rs139326808|G/C	3	3	4	3	1	4
rs1709106|A/G	1417	963	1031	1562	1017	1132
rs62038775|A/G	61	32	56	105	53	102
rs726547|G/A	6	3	8	0	0	0
rs5769748|A/G	458	320	527	881	606	1066
rs5769749|A/G	248	170	300	12	11	19
rs4894192|G/C	211	152	203	348	181	290
rs4881483|T/C	101	66	114	63	38	56
rs10795071|A/G	38	20	33	61	47	73
rs581694|T/C	27	23	36	26	15	20
rs12592786|C/G	0	0	0	8	5	4
rs73008195|T/C	42	32	34	53	40	41
rs533125554|T/G	19	11	33	23	6	20
rs56312530|G/A	2	1	2	8	1	5
rs131659|A/G	196	114	173	128	56	89
rs131657|T/A	14	5	9	16	5	12
rs3209593|T/C	4	3	3	5	4	6
rs4513138|G/A	71	35	73	32	27	31
rs16940674|C/T	1644	1150	1525	1132	857	1121
rs78292716|A/G	152	88	139	34	17	24
rs10788270|T/C	6	6	8	22	10	11
rs408315|A/G	2146	1587	2134	2706	1855	2538
rs13034579|G/T	272	172	283	120	78	137
rs74655177|C/T	6344	4192	5794	2067	1279	1780
rs35298716|T/C	306	230	366	190	135	176
rs67237947|C/T	329	207	261	269	159	250
rs880886|A/G	381	288	281	158	101	125
rs16967609|C/T	9	8	10	4	2	7
rs56329743|G/A	60	43	60	52	39	36
rs17671091|C/T	65	37	55	62	44	46
rs2045465|A/G	6	1	6	24	15	26
rs2332323|C/T	1101	750	1263	1242	904	1381
rs7919817|G/A	203	150	215	24	16	28
rs12994568|G/C	43	35	59	30	28	48
rs10459081|A/T	4	2	2	6	3	5
rs552185305|C/G	85	32	49	28	11	16
rs7790569|G/A	21	9	32	8	2	13
rs2920414|G/A	643	422	625	368	212	329
rs11055266|G/T	2763	2004	2918	2054	1437	2227
rs10783617|G/T	13	15	23	14	10	19
rs56358776|G/A	236	173	159	767	622	649
rs78733883|G/A	3	1	6	5	7	12
rs2378023|G/A	244	155	271	571	478	682
rs12315795|G/T	993	795	1077	542	419	651
rs4372836|T/C	162	90	166	313	166	302
rs2641444|T/C	14	10	11	25	10	24
rs35142762|T/C	831	606	750	3639	2450	3114
rs1881107|A/G	7	2	7	28	8	10
rs4349189|C/A	72	43	65	78	62	89
rs10426392|C/T	160	94	150	441	331	469
rs4580536|A/G	27	21	46	45	37	61
rs56209428|G/A	282	161	223	171	88	141
rs6537335|C/T	1	3	7	16	10	24
rs12340332|A/T	292	167	218	114	66	90
rs10408290|C/T	1314	948	1294	1617	1263	1609
rs10457487|C/A	47	33	51	19	7	13
rs28536201|C/T	29	20	27	16	10	20
rs9431593|T/A	676	417	469	544	309	384
rs11650127|G/A	165	136	189	7	5	18
rs149504726|G/A	63	33	54	44	37	48
rs1739814|A/C	1252	765	1185	124	74	112
rs35027767|G/T	34	13	28	8	4	8
rs1739812|C/A	223	166	220	58	43	76
rs6779640|A/G	2285	1668	2191	1088	741	1027
rs2296175|G/A	45	29	43	36	19	45
rs975020|G/A	13	11	8	16	7	8
rs71351760|A/G	89	46	80	69	41	51
rs35405743|G/A	156	113	146	62	33	58
rs7259041|T/C	120	98	167	122	85	137
rs314371|C/T	124	84	108	46	26	50
rs1739815|A/T	188	96	136	123	90	108
rs74754758|T/C	0	0	1	4	2	4
rs61931202|T/G	0	1	1	6	4	3
rs79406732|C/T	60	27	43	34	22	21
rs12659143|T/C	21	12	9	17	9	12
rs7952251|G/A	19	22	26	36	8	26
rs9332407|T/C	22	9	16	22	19	25
rs61806090|A/G	219	153	293	309	175	354
rs6854555|C/A	184	152	190	78	58	63
rs78274380|C/A	0	0	0	33	15	23
rs12941363|C/A	4	6	3	20	17	12
rs56406311|C/T	2924	2313	2857	4163	3216	3723
rs73883312|C/T	251	146	270	203	119	185
rs138865002|G/C	17	9	11	14	8	12
rs74253440|G/C	20	10	9	63	41	72
rs3768299|G/A	20	5	17	3	9	8
rs17404452|G/C	412	257	322	280	179	307
rs1237278|C/T	13	1	10	23	11	31
rs7734258|A/T	6	8	10	5	2	5
rs144680237|C/T	164	112	176	92	68	104
rs1703494|T/G	1327	870	1381	1474	1026	1569
rs61775245|A/G	552	352	576	379	245	387
rs61775244|A/T	154	124	139	225	193	191
rs534963106|A/G	127	98	145	37	30	36
rs77752170|T/G	115	108	156	83	59	112
rs9425299|C/T	196	111	235	89	67	95
rs75607314|C/A	60	40	59	52	39	38
rs35158772|T/C	20	15	10	12	8	11
rs5757227|A/G	448	277	361	562	297	461
rs569087361|T/G	538	331	541	616	421	600
rs12441199|C/G	12	8	18	28	19	17
rs4482394|C/T	9	12	18	20	18	27
rs2588808|A/G	9	1	6	12	7	10
rs11883999|A/G	106	62	73	92	73	92
rs938295|C/T	778	599	900	807	566	875
rs12213392|T/C	56	21	59	59	44	62
rs35775485|G/T	183	87	152	356	169	290
rs10887751|T/C	10	5	15	5	6	7
rs10887750|A/G	13	7	13	30	25	34
rs554944034|C/G	16	8	14	5	1	4
rs2392524|T/G	38	30	32	29	22	26
rs2142494|A/G	1831	1269	1957	2018	1489	2081
rs115375898|G/C	21	18	18	10	2	6
rs77328429|G/A	1395	947	1447	470	289	452
rs4757428|T/C	15	4	4	28	11	12
rs10859534|G/A	103	43	74	39	21	37
rs3824930|C/T	33	15	29	19	12	12
rs12889639|G/A	129	94	132	407	309	392
rs7583681|G/A	55	41	48	98	74	94
rs62406070|G/C	32	22	14	44	23	22
rs2118610|T/C	477	284	489	304	179	327
rs2665213|T/G	90	71	83	237	166	222
rs12474408|G/A	105	73	96	81	48	81
rs76450091|T/C	108	52	102	119	63	95
rs12912192|G/A	340	214	372	27	22	31
rs1061247|A/C	16	9	9	70	35	55
rs12512757|T/A	8	6	3	16	8	7
rs2546983|C/T	809	558	788	231	138	191
rs17625419|G/A	5	2	6	6	2	5
rs12226585|A/T	138	83	93	66	29	50
rs266590|A/G	19	8	25	15	9	16
rs62054818|A/C	864	584	934	273	196	272
rs143225572|G/C	44	14	40	23	8	24
rs62054811|C/G	80	51	64	21	10	23
rs118077148|A/G	0	0	0	3	7	1
rs487857|G/A	254	158	233	29	17	35
rs12444273|C/T	1475	1128	1607	1551	1140	1612
rs5024796|T/C	29	21	45	23	22	42
rs562481792|C/T	295	217	328	570	347	588
rs11590058|C/T	9	7	2	35	27	25
rs112411928|C/G	10	3	2	13	3	4
rs393838|G/C	102	60	87	54	42	43
rs1964242|G/A	5	5	2	4	1	4
rs114867631|C/A	11	4	11	3	3	3
rs8077194|A/G	28	23	21	471	292	413
rs7287818|C/T	156	115	173	86	77	128
rs2029041|G/A	81	69	113	35	32	48
rs7854512|A/G	782	496	748	1615	1058	1602
rs56362513|T/C	28	26	29	51	28	35
rs7760701|T/G	24	15	19	14	7	10
rs11083616|G/A	7	9	14	33	20	21
rs17035910|C/G	116	70	68	87	48	55
rs131665|A/G	51	21	39	16	5	21
rs13362283|A/C	8	8	4	11	3	4
rs4969183|A/G	381	285	470	216	186	309
rs56033872|C/A	281	214	282	318	208	313
rs555485669|A/G	20	5	13	17	7	10
rs2532277|T/C	31	14	16	40	26	26
rs56227067|A/T	45	37	56	28	22	31
rs75486935|G/A	7	1	3	6	8	4
rs12679075|A/T	9	3	11	1	3	10
rs12978098|G/T	14	4	8	7	5	1
rs535910576|G/C	647	404	592	335	209	338
rs1415700|G/A	377	253	376	228	121	204
rs10146335|G/A	907	610	856	500	342	454
rs76147580|T/C	25	8	16	94	52	113
rs722526|A/C	100	72	78	95	55	58
rs6120775|T/C	530	314	399	299	159	269
rs543087623|C/T	36	22	25	15	16	20
rs72860660|A/G	250	173	224	291	202	286
rs144505362|T/G	261	158	244	163	118	184
rs34374223|C/G	2	2	0	418	202	226
rs17660065|T/C	14	1	11	8	2	6
rs2532387|G/T	23	18	30	22	21	21
rs73401450|G/C	905	563	796	475	326	481
rs11768933|C/T	238	168	224	191	133	157
rs6724482|A/C	403	277	464	448	361	516
rs2235810|G/A	1608	1123	1637	3982	2484	3989
rs4764128|G/A	1	3	3	27	14	33
rs7209564|C/T	11	11	8	22	6	10
rs10193383|C/T	3	2	8	1	1	3
rs556290186|T/A	775	523	858	564	334	654
rs7134656|T/A	1073	652	959	414	250	388
rs56254732|C/T	42	21	28	47	18	31
rs1679072|T/C	190	114	166	648	378	638
rs2251618|A/G	60	18	43	30	21	25
rs35717723|A/C	277	166	255	689	421	608
rs7412132|A/G	3	0	1	3	4	6
rs28372855|G/C	585	395	569	354	249	369
rs12568613|C/A	893	689	961	822	544	791
rs998584|C/A	2034	1294	1574	1602	1025	1284
rs114390486|A/G	9	2	2	13	10	12
rs12254098|T/G	3579	2319	3823	1791	1199	1944
rs4734429|C/T	137	78	148	156	94	120
rs10761318|G/C	17	11	24	53	30	47
rs429955|G/A	52	38	45	49	27	21
rs12873915|T/C	141	81	116	145	82	126
rs2279335|C/T	161	124	144	494	283	435
rs7809835|T/C	81	66	109	105	60	74
rs574482777|C/T	58	37	75	80	47	92
rs11202526|C/T	447	302	401	747	471	575
rs2851435|G/A	3	3	4	3	0	5
rs11202525|T/A	1008	670	984	343	241	354
rs4793018|C/T	368	221	316	566	328	515
rs41284744|T/G	4	3	5	5	3	4
rs75722486|C/T	7	3	11	28	16	20
rs534615982|A/G	2	2	0	8	4	3
rs3768469|G/A	17	28	20	58	45	80
rs10471946|T/G	2	3	8	14	2	10
rs12198505|T/C	22	12	25	8	7	19
rs7020300|A/G	105	68	107	11	15	28
rs6468694|G/A	1044	778	1244	1018	768	1313
rs118133366|C/T	4	9	1	11	3	8
rs12985258|T/C	3006	1971	2499	1742	1050	1408
rs543821315|G/T	36	19	37	20	4	10
rs538694593|A/T	10	4	19	59	24	66
rs34282253|A/G	144	75	124	264	161	243
rs11042116|G/C	17	7	11	3	0	3
rs2072931|G/T	529	362	628	130	81	140
rs391338|G/A	78	57	81	89	69	95
rs77389198|C/T	330	240	417	270	179	317
rs5757215|T/G	111	91	123	97	67	104
rs56225285|A/G	422	254	317	521	343	435
rs2252694|C/T	383	274	569	315	234	420
rs2452578|A/G	5	4	2	11	5	6
rs2696430|G/C	13	18	19	38	26	40
rs17573509|G/A	124	82	159	29	10	37
rs45548131|G/A	39	27	60	32	13	29
rs71484446|A/G	81	68	77	305	233	298
rs59762075|T/C	148	76	87	203	114	140
rs62089573|A/G	1619	1051	1485	1606	983	1444
rs565678019|C/T	345	208	318	339	219	310
rs62064388|T/C	7	6	10	36	25	33
rs9299599|T/C	958	556	761	1535	973	1271
rs10514897|A/G	4264	2900	4319	7286	5083	7336
rs11079810|C/T	59	42	52	22	10	15
rs2526000|C/T	39	20	31	70	42	58
rs759068|G/A	158	103	145	1421	982	1499
rs891004|G/A	39	17	14	9	4	8
rs6884981|A/G	131	79	88	126	66	93
rs219789|G/A	225	139	190	448	315	441
rs12346647|T/C	674	438	603	950	623	742
rs571944974|A/G	104	60	100	202	115	146
rs4785686|A/C	90	49	62	96	39	65
rs7778320|T/G	9	2	10	42	19	32
rs113775842|T/C	232	160	279	2070	1687	2831
rs567996834|C/T	7	4	4	1	1	2
rs62063262|T/C	119	77	130	139	86	142
rs759604|T/G	1459	935	1268	1344	927	1203
rs146119925|A/G	558	352	511	1437	913	1248
rs8081273|C/T	204	118	240	621	477	632
rs7198940|C/T	568	388	666	436	401	609
rs77664841|C/T	243	141	227	148	122	165
rs5770967|A/G	726	469	555	885	515	732
rs12271856|G/T	5	3	0	35	16	30
rs4704041|G/A	14	5	7	8	3	9
rs59278606|G/A	937	629	763	399	257	312
rs4514918|T/C	1585	950	1667	1271	875	1407
rs4514917|T/C	89	78	108	165	137	139
rs62057146|A/G	590	426	648	584	430	702
rs72791025|G/T	93	41	97	135	81	152
rs17690176|A/C	216	187	271	270	201	346
rs556215035|T/G	40	27	43	36	31	41
rs62421090|G/A	6	3	8	85	53	85
rs12707227|G/A	5	2	4	3	1	0
rs17670862|C/T	87	49	76	32	15	43
rs11080007|C/T	6	1	3	2	1	2
rs115328599|C/T	52	28	33	15	9	15
rs764982|G/A	4	0	1	15	3	6
rs3818806|G/A	389	275	319	766	427	595
rs6707848|T/C	7	3	5	5	3	4
rs789711|G/T	56	39	54	76	42	69
rs7307097|A/G	14	8	3	39	25	22
rs1171554|G/A	24	13	18	14	9	14
rs61597284|G/A	216	150	285	174	138	252
rs1391903|C/G	143	119	175	258	165	255
rs12406632|T/C	8	2	3	1	0	3
rs4808735|T/G	329	204	284	204	132	201
rs10876528|C/A	16	16	9	12	5	7
rs140613174|C/T	7	8	7	5	6	7
rs11191189|A/G	153	117	156	431	287	430
rs2532395|C/T	28	22	22	25	8	10
rs71490390|A/G	6	6	4	4	5	3
rs56026876|G/C	4	2	4	13	10	6
rs566037900|A/G	164	108	132	176	118	154
rs2485270|C/T	333	242	374	811	584	952
rs10747660|C/G	30	27	30	10	8	9
rs10747662|A/T	61	52	95	86	49	92
rs112275277|C/T	158	100	146	383	275	368
rs116259937|C/T	80	68	99	566	421	573
rs7222646|C/T	2245	1433	2428	2349	1660	2619
rs544990728|T/G	11	8	13	7	3	3
rs12738340|C/A	36	49	42	0	0	0
rs570399582|T/C	63	25	69	4	2	2
rs73490587|C/G	1381	878	1324	1309	811	1083
rs116949045|A/T	99	65	108	52	54	47
rs4962694|G/T	20	8	6	9	7	3
rs62061809|T/C	26	7	12	32	13	17
rs7744830|T/G	50	35	67	63	18	75
rs149585413|C/T	111	40	75	24	21	30
rs11701760|G/A	1551	951	1469	1232	751	1203
rs3997520|A/G	75	40	65	104	67	116
rs533534846|C/T	715	501	890	1051	669	1162
rs2521205|G/T	60	29	59	75	41	91
rs2793120|C/T	45	29	43	45	24	45
rs140489|G/A	15	16	23	4	2	6
rs2530394|C/T	117	78	82	84	47	44
rs55646970|A/G	301	221	264	264	177	221
rs55660209|A/G	527	320	423	1889	1171	1598
rs10077980|C/T	38	28	34	22	14	22
rs8087237|C/A	38	12	25	33	13	9
rs16824587|C/T	5	4	4	1	0	0
rs12611275|G/A	1799	1204	1496	546	336	468
rs7600657|A/G	6	8	8	14	14	16
rs72780120|T/A	10	2	5	9	5	10
rs7546500|T/G	19	2	6	122	57	65
rs2741856|G/C	339	176	253	334	187	219
rs546997548|A/G	821	551	746	632	393	573
rs11202530|G/A	945	568	788	159	112	183
rs74851347|C/A	24	3	22	41	18	26
rs139846|T/C	638	476	704	1512	1071	1558
rs61192303|T/C	188	121	159	101	75	87
rs62054762|G/T	242	167	189	208	162	207
rs62054760|C/T	1164	863	1151	846	576	833
rs55974014|C/A	788	556	639	662	465	551
rs573087816|G/T	3	2	4	4	4	3
rs4316515|A/T	568	363	521	415	233	337
rs74647007|A/G	11	4	8	27	9	21
rs11869403|T/C	64	29	41	119	86	96
rs9747347|T/C	64	35	50	44	24	51
rs3764570|A/G	95	61	66	122	67	101
rs35258987|A/C	61	39	75	121	82	134
rs17571809|A/G	114	91	130	87	86	100
rs60902169|G/A	3660	2737	4062	3010	2380	3386
rs145055888|T/G	2086	1384	2259	2167	1494	2506
rs13389286|C/T	3	4	6	4	4	4
rs35435148|G/A	195	140	234	78	56	86
rs6580942|C/A	366	263	376	249	178	281
rs1569068|G/A	99	66	84	270	139	212
rs12078572|A/T	53	36	63	15	6	5
rs73719804|G/A	46	20	24	22	8	8
rs570639864|G/A	337	271	340	160	111	124
rs258888|T/A	2	2	9	31	22	31
rs910536|G/C	47	37	57	25	24	26
rs12459847|G/C	30	20	17	19	12	9
rs62055707|T/C	20	13	5	38	19	22
rs62055704|G/A	7	4	5	5	1	1
rs1583970|C/T	12	6	10	8	4	4
rs55946741|A/G	38	17	25	20	13	20
rs56225815|C/G	4	4	5	28	20	33
rs7257485|C/G	78	42	82	4	4	19
rs6503692|G/A	3	0	5	9	7	14
rs2869824|T/C	402	267	334	404	231	312
rs350214|C/T	93	57	155	170	123	267
rs350216|A/G	1150	762	1112	1643	1099	1570
rs2711287|A/G	16	15	14	39	11	19
rs726731|G/A	107	62	86	76	48	96
rs10461366|T/C	15	15	15	0	2	1
rs34575622|A/G	74	31	89	107	96	129
rs62054381|A/G	26	7	12	0	0	0
rs55933304|G/A	150	76	110	135	88	135
rs73057386|C/T	1933	1301	1896	472	304	481
rs1806980|T/G	90	52	61	78	59	75
rs11057204|T/C	41	19	11	39	15	8
rs4640348|T/C	6	6	2	2	3	4
rs17761124|A/T	727	471	754	949	585	1047
rs2007928|G/A	92	72	105	142	91	149
rs28617748|A/T	6	6	15	13	6	7
rs13419021|G/C	10	8	7	7	2	4
rs738278|G/A	413	291	320	349	234	239
rs3760456|C/T	905	531	591	590	442	442
rs4919561|G/A	13	4	5	8	4	4
rs62064395|A/C	611	335	382	627	279	405
rs78320072|G/A	2728	1875	3009	2149	1497	2364
rs132528|C/T	13	7	14	20	10	17
rs132529|A/G	220	143	260	316	204	325
rs694273|C/T	207	134	193	492	320	479
rs7220398|T/A	208	124	193	192	113	171
rs35279560|G/T	140	85	141	81	43	75
rs17563501|C/T	236	161	154	363	237	254
rs6786649|C/A	169	90	121	124	59	98
rs78137867|C/T	1080	784	1221	1909	1510	2190
rs1183347|T/C	16	9	18	24	22	20
rs11586731|C/G	279	197	280	487	262	444
rs34005963|G/A	34	15	22	4	17	14
rs62063277|T/A	11	6	12	23	8	19
rs62063276|T/G	14	16	22	119	85	120
rs7857306|A/G	26	15	22	13	15	14
rs55996632|C/T	50	42	66	10	16	17
rs11601197|G/C	87	65	101	38	24	56
rs12459067|T/C	849	652	940	1445	1184	1620
rs7579277|G/A	374	245	466	164	91	185
rs61783376|T/C	37	18	26	68	31	60
rs10141433|A/G	277	143	182	131	81	128
rs4238831|G/A	900	661	1063	1363	936	1541
rs7715368|T/C	36	20	40	55	33	55
rs8073220|C/T	27	18	34	16	10	13
rs10835155|C/T	28	19	34	44	26	43
rs1872992|A/G	3	13	10	33	29	49
rs2873268|G/A	6512	4074	5129	3984	2328	3031
rs10054063|A/T	41	15	38	101	63	128
rs593720|G/T	111	86	133	38	39	44
rs9961220|G/T	16	13	18	12	4	5
rs2039830|C/G	6	2	9	19	7	29
rs58368296|G/T	1577	1020	1245	1069	769	837
rs10071617|G/A	7	5	2	16	16	15
rs2510773|G/A	79	46	64	19	9	14
rs76475191|T/A	56	36	48	55	23	43
rs7763108|G/T	94	58	86	118	73	103
rs557435762|C/T	8	6	15	14	5	14
rs111468472|G/A	74	67	82	74	47	73
rs11670739|T/C	0	0	0	29	14	34
rs2278258|T/C	326	216	358	304	228	371
rs12594948|T/C	25	26	39	44	33	39
rs6920486|G/A	4	1	3	9	1	2
rs12888965|C/T	437	294	446	402	267	416
rs113955100|A/C	2606	1918	2397	1581	1203	1563
rs114482768|C/T	21	13	4	4	2	0
rs7181724|A/G	4	3	0	23	13	36
rs73719806|G/T	18	5	21	10	7	12
rs62060810|A/G	82	54	91	36	23	22
rs527778993|G/A	159	110	140	77	37	73
rs11601792|A/G	0	0	0	21	5	15
rs73719809|A/C	231	181	193	565	346	481
rs13284388|G/T	10	8	3	0	0	0
rs7772990|C/T	11	3	7	8	10	8
rs12369462|T/C	363	252	381	709	486	726
rs8045523|G/A	146	113	209	147	131	173
rs17577369|A/G	33	14	15	25	14	14
rs7965999|A/G	7	11	10	10	8	12
rs4339481|A/T	56	32	69	48	16	41
rs1426385|A/G	4	4	6	7	9	18
rs10489290|C/A	44	24	43	21	14	14
rs10489291|T/C	30	23	38	42	21	44
