SNP	allele1_sample1	allele1_sample2	allele1_sample3	allele2_sample1	allele2_sample2	allele2_sample3
rs2077169|T/C	2923	3321	4727	9095	9742	13923
rs921893|G/A	162	145	312	162	143	261
rs10742174|A/G	12	2	19	39	33	38
rs1894649|C/G	16	9	15	40	44	63
rs9635366|G/A	27	22	26	12	18	53
rs72810995|A/G	8	8	3	4	8	8
rs2052862|A/G	1118	1057	1644	866	833	1497
rs2974930|A/G	272	285	464	68	39	64
rs2974931|C/G	50	45	107	68	65	94
rs6946768|G/A	398	487	506	123	117	128
rs6897075|G/T	13	6	19	8	4	5
rs6921994|C/T	907	882	1287	914	896	1327
rs67452844|A/G	51	47	70	33	18	25
rs73388828|A/C	2471	2545	3679	4816	5031	6533
rs536950796|G/A	18	13	31	9	7	13
rs11640346|G/T	12	7	11	29	20	55
rs55810795|A/G	195	161	258	126	109	180
rs370293375|C/T	102	93	171	296	295	429
rs1046033|A/G	145	115	204	120	98	111
rs1951392|T/G	24	13	25	19	15	20
rs2405975|T/C	76	64	128	104	62	131
rs2405974|A/G	33	18	36	27	14	30
rs66666989|C/T	15	17	32	45	34	50
rs13020946|A/G	14	6	1	105	75	124
rs7528395|C/T	26	14	18	22	8	34
rs4671123|G/A	172	134	251	148	120	229
rs10165153|T/C	3	4	5	0	0	0
rs564388623|G/A	12	14	23	0	0	0
rs59756997|A/G	13	15	8	24	22	21
rs62062134|A/C	51	58	52	80	67	92
rs62062133|T/C	417	444	602	83	80	90
rs73073442|C/T	9	5	5	33	84	159
rs6544669|T/C	39	21	40	37	34	41
rs4838890|C/T	50	70	89	81	68	112
rs41281637|C/T	1704	1599	2170	1709	1496	2298
rs4661654|A/G	875	925	1162	573	507	708
rs2365766|C/T	65	63	99	47	35	96
rs2195610|C/T	23	12	31	17	15	33
rs10054340|G/T	7	8	18	14	8	22
rs10883849|T/A	798	692	1066	503	415	546
rs16957128|A/T	5	8	9	30	21	31
rs4793077|C/T	325	251	491	201	207	322
rs139856|C/T	24	27	27	61	57	59
rs900348|C/A	314	337	498	378	352	473
rs72665916|A/G	38	22	41	28	23	40
rs10896339|G/C	43	41	66	19	13	51
rs10896338|G/A	287	279	395	626	600	949
rs55946323|A/G	21	39	27	206	223	319
rs73886486|G/C	1714	1479	2183	921	854	1241
rs56288604|A/G	13	15	18	29	24	42
rs1076222|C/G	91	60	113	34	52	80
rs12492052|A/G	4	4	4	5	4	9
rs10041617|C/T	474	408	721	355	297	425
rs72878029|T/C	442	369	553	367	299	412
rs73608074|A/G	23	12	29	15	14	36
rs220377|G/C	115	113	158	132	115	97
rs220376|G/T	15	9	23	12	12	26
rs62059833|C/T	18	11	15	0	0	0
rs569028560|C/T	114	109	180	52	34	99
rs4606752|A/G	113	120	195	63	72	114
rs4544203|T/C	309	254	345	174	132	254
rs62062269|G/C	0	0	0	15	9	23
rs73388827|G/C	2	3	0	12	10	14
rs17761046|T/C	679	599	972	265	234	402
rs6520165|T/C	223	136	301	147	123	142
rs35721248|A/G	8	9	26	51	44	60
rs2488763|T/C	2182	2268	3230	660	728	1183
rs5754166|C/T	650	645	927	774	694	1056
rs34812229|G/T	385	389	572	202	171	237
rs4807612|T/C	105	117	137	22	26	32
rs78358711|T/A	6	8	6	4	5	17
rs10170761|G/T	1299	1261	1581	1070	994	1280
rs17575556|G/A	78	52	91	57	78	66
rs11079729|C/A	19	11	37	81	64	121
rs6745529|G/T	68	89	77	114	109	193
rs76280636|T/C	30	24	44	38	35	73
rs28631635|G/T	62	52	86	28	18	27
rs78124119|T/C	79	71	111	41	28	54
rs79412513|A/G	258	248	399	1016	802	1412
rs6913642|A/G	41	29	37	80	52	92
rs754513|T/A	15	13	27	54	49	86
rs558194622|G/T	23	29	15	82	77	98
rs117122405|G/A	77	43	83	66	62	93
rs7553846|C/T	70	39	58	26	19	28
rs67971665|C/T	78	76	117	117	126	170
rs4880735|G/T	46	41	69	71	64	96
rs1052551|G/A	1470	1356	2015	118	93	205
rs2259931|T/C	22	22	23	2	5	11
rs569635106|G/A	118	143	204	103	102	126
rs132533|A/G	2	3	1	5	3	9
rs12697140|A/C	13	12	20	11	9	13
rs17770146|T/A	1556	1654	2139	1188	1121	1488
rs1801144|G/C	13	21	50	15	28	22
rs8111708|A/G	28	32	52	91	55	126
rs12693268|A/G	32	58	76	24	38	24
rs17572781|C/G	135	134	219	1099	879	1552
rs12693267|T/C	29	18	38	15	16	15
rs28490152|G/A	27	7	21	32	18	48
rs10505116|T/C	6	0	9	10	7	17
rs5003331|G/A	365	311	435	472	400	581
rs10762793|T/C	56	48	92	83	75	115
rs966544|A/G	77	60	107	78	78	127
rs6972167|G/T	182	147	268	289	194	377
rs1734116|A/G	222	207	356	241	307	470
rs28661744|T/C	71	47	78	0	0	0
rs17205346|A/G	1	0	0	34	19	31
rs7714710|A/G	10	6	24	8	15	35
rs73468973|G/A	25	25	52	5	1	2
rs4408360|A/T	42	67	55	85	62	89
rs5994638|A/G	980	808	1493	1397	1190	1866
rs1165681|T/C	448	423	524	843	904	1177
rs2624821|G/A	191	204	278	69	57	102
rs604204|G/A	188	135	251	273	240	346
rs17113964|T/C	32	31	55	32	17	37
rs62070326|G/A	233	303	429	289	248	398
rs11672730|G/A	3	7	6	30	33	36
rs60323161|T/C	273	352	421	136	133	180
rs144822931|T/C	59	66	86	150	92	176
rs34581168|C/T	26	32	58	1	3	3
rs539288087|C/A	14	18	18	38	48	59
rs6088662|T/G	139	127	213	20	39	30
rs11231144|T/C	7	5	15	5	7	13
rs4904828|T/C	43	38	55	16	19	26
rs114379218|G/T	12	11	23	7	11	20
rs1800547|A/G	118	100	142	175	125	341
rs4808134|G/A	7	5	11	7	7	4
rs74845310|C/T	21	38	47	44	31	54
rs2382822|T/C	30	9	21	16	17	44
rs61903841|G/T	78	82	125	72	64	109
rs2049805|T/C	677	620	919	325	341	463
rs73719811|T/C	290	284	408	415	379	592
rs4895901|T/G	45	32	59	119	107	165
rs73203092|T/A	0	2	9	5	6	12
rs62060809|G/A	102	102	166	195	217	214
rs6672768|A/C	0	0	0	5	4	9
rs7197875|C/T	804	938	1102	624	700	987
rs2601205|A/G	977	942	1294	29	32	35
rs10061983|C/T	173	174	245	92	107	149
rs560044525|C/T	248	228	337	269	247	438
rs72860659|G/A	98	100	139	64	40	93
rs9375698|A/G	1262	1247	1733	592	532	734
rs566628150|A/C	85	95	119	250	209	326
rs11892236|A/G	18	28	47	25	17	47
rs10489289|T/C	37	22	42	16	13	23
rs56087288|G/A	6	7	12	23	17	30
rs6697431|C/T	179	221	251	346	331	486
rs56100710|A/T	25	37	28	275	362	381
rs17576779|C/T	78	88	122	60	53	115
rs118012571|G/C	9	6	17	13	9	11
rs73066226|T/C	51	36	67	110	83	132
rs7754351|T/C	1	0	9	91	64	126
rs1881140|A/G	240	193	303	375	285	468
rs2847309|G/A	13	2	10	12	40	11
rs1438842|G/T	4	4	2	10	9	27
rs10927861|G/A	342	268	405	165	128	154
rs17501278|A/G	36	20	42	67	48	111
rs4623330|T/C	9	7	12	0	0	0
rs62061820|T/C	10	5	8	8	20	30
rs4808045|C/T	12	20	24	29	8	14
rs114581578|C/T	196	180	233	211	203	358
rs17643644|G/A	70	51	94	85	90	127
rs12951408|T/C	279	197	308	267	281	402
rs7359529|G/A	26	11	38	25	23	42
rs7212589|A/G	102	108	137	144	125	170
rs8107802|A/G	1020	1029	1483	1010	961	1557
rs11611927|A/G	16	17	13	47	41	20
rs68075021|T/G	46	90	131	60	38	93
rs112629880|C/T	12	10	6	31	13	30
rs3742606|A/G	1	2	1	4	1	13
rs10078550|G/A	33	26	24	28	31	50
rs108499|C/T	17	9	25	14	9	22
rs62055542|C/T	2	5	7	5	6	17
rs12150627|C/G	49	50	51	57	52	88
rs599839|G/A	10	13	36	8	5	17
rs8082391|C/A	84	86	143	69	46	76
rs2004673|T/C	15	29	29	10	9	7
rs2428551|T/A	95	53	80	108	124	145
rs12162983|C/G	20	23	22	71	109	119
rs9936404|G/A	24	5	18	24	14	30
rs4075879|C/T	3	12	9	7	12	8
rs60996392|T/A	73	47	101	51	55	79
rs13020399|T/C	306	330	392	604	554	812
rs2033787|A/C	1574	1542	2144	696	673	913
rs78759579|A/T	32	23	45	14	7	12
rs649915|G/A	1858	1852	2521	818	850	1173
rs147003295|G/A	491	342	641	515	432	741
rs1421033|A/C	20	32	33	21	37	54
rs4517022|C/T	6	4	14	4	2	7
rs99437|C/T	30	42	31	5	15	23
rs534724715|C/T	237	255	396	175	149	224
rs2342312|C/G	30	22	36	42	31	34
rs2342315|T/C	17	7	23	6	3	1
rs2342314|T/G	331	273	418	240	195	333
rs2046136|A/G	14	12	24	6	13	20
rs111259120|C/T	410	430	560	627	588	854
rs76323371|C/T	67	35	82	23	19	16
rs2075289|C/T	13	16	55	164	167	223
rs75659266|G/A	111	93	119	102	87	98
rs78720789|A/G	125	85	144	149	130	209
rs58431752|C/T	84	127	171	98	101	104
rs552419936|G/A	69	46	78	31	17	61
rs145074572|C/A	61	64	79	45	34	43
rs17205972|G/T	7	10	9	13	9	21
rs12270280|C/T	1068	999	1508	967	994	1367
rs73169668|C/T	852	647	1359	204	132	349
rs576500756|C/T	17	17	33	17	12	24
rs78966616|C/T	14	25	32	103	73	119
rs76655075|G/A	73	65	105	48	41	67
rs2812222|G/A	0	2	3	8	4	9
rs2071040|A/G	177	160	221	155	122	151
rs55821155|C/G	15	7	23	1	13	14
rs74607290|T/C	2	0	3	8	13	21
rs5754190|C/T	185	186	278	261	256	405
rs3788472|T/G	6	4	14	5	2	5
rs3910704|G/A	81	65	86	15	12	15
rs2074889|C/T	588	564	868	867	883	1107
rs710248|C/T	183	179	289	160	101	180
rs62063676|G/A	550	456	811	1387	1203	1877
rs136190|C/T	1458	1602	2145	806	876	999
rs62062279|T/C	63	79	104	78	39	76
rs59527116|C/T	25	24	30	13	12	23
rs62062276|A/G	249	199	363	713	675	1039
rs62062277|T/G	59	47	69	37	20	47
rs12441711|C/A	4	8	9	8	9	8
rs62062272|T/C	973	755	1391	2071	1792	3195
rs675733|C/T	14	18	16	13	23	26
rs13020497|T/A	309	315	496	563	542	682
rs6141399|A/G	91	59	93	184	205	324
rs9608358|A/G	5	15	12	16	12	13
rs884630|A/G	24	35	32	11	7	33
rs10740059|G/A	27	26	38	16	13	26
rs562433512|C/A	5	1	0	8	4	7
rs10930956|A/G	8	17	19	46	77	64
rs10930955|A/G	12	9	32	0	0	1
rs3781187|T/C	101	94	174	121	95	146
rs37615|C/A	61	90	125	33	21	20
rs72803869|T/A	34	31	57	39	29	78
rs10424884|C/G	77	52	52	173	165	288
rs2431512|C/T	708	632	900	519	473	716
rs149701636|G/A	16	20	21	16	14	20
rs12368423|C/A	1609	1633	2597	942	938	1193
rs3915512|A/T	22	26	30	25	9	31
rs41306868|G/A	143	113	228	126	88	99
rs2183969|T/G	97	63	79	10	7	8
rs17770150|G/A	37	50	61	32	45	69
rs1286127|C/T	244	210	316	247	203	276
rs11920076|A/G	13	17	20	8	8	26
rs10917225|T/C	39	25	33	133	162	223
rs79412431|G/A	12	11	17	9	6	19
rs2581820|A/G	23	21	32	10	12	26
rs11653117|C/T	71	53	113	49	36	45
rs1249077|C/T	143	79	174	189	101	192
rs7221390|T/G	188	121	159	155	110	176
rs2984942|T/C	47	35	49	1	1	0
rs4759061|C/T	247	274	388	26	22	62
rs367820416|T/G	2	3	4	14	17	25
rs150024658|C/T	19	26	44	11	15	22
rs1481867|G/A	14	31	40	34	29	32
rs246562|G/A	8	10	18	0	0	0
rs62054857|G/A	54	45	53	61	40	65
rs73813129|C/T	452	469	632	180	196	288
rs2695479|T/C	205	193	245	139	129	179
rs1976400|C/A	231	228	390	939	933	1056
rs62054859|G/A	483	555	737	180	154	208
rs1661725|T/C	12	8	24	8	14	15
rs4408686|T/C	29	19	38	26	25	31
rs16928633|T/C	12	11	18	10	14	12
rs6510316|T/G	280	251	309	1151	1039	1424
rs2885174|A/C	1	10	6	19	16	23
rs12972949|G/T	4	2	2	18	12	18
rs10165490|C/T	309	260	403	184	186	227
rs56243535|C/T	118	112	134	87	68	98
rs12983357|G/C	50	44	85	36	22	32
rs11692866|C/T	858	1005	1244	618	587	731
rs9972942|A/G	788	680	919	1783	1962	2696
rs116204487|G/C	154	160	209	403	509	591
rs677960|C/T	1163	1076	1604	2242	1847	3027
rs113788190|A/G	48	30	47	109	175	213
rs7774832|A/C	113	84	146	57	47	59
rs55859054|T/A	32	53	72	33	38	53
rs34814687|G/A	55	41	89	32	19	17
rs7220752|T/C	153	186	327	196	255	400
rs11231156|G/A	107	118	185	45	62	77
rs7399003|C/T	410	436	569	364	346	443
rs9970163|C/T	50	33	60	44	34	40
rs34722284|C/T	448	503	731	72	74	49
rs3892603|G/C	22	12	19	2	2	0
rs16948744|G/A	67	54	53	36	33	41
rs4513276|G/T	22	19	28	20	15	29
rs11029931|T/G	39	25	57	4	1	11
rs142145092|G/C	7	7	10	32	42	49
rs78773690|T/C	6	6	12	25	16	36
rs34629045|A/G	80	121	148	31	5	21
rs59130946|G/A	289	290	416	145	138	250
rs7916525|G/A	63	69	81	79	55	110
rs4358110|C/A	696	535	869	587	548	750
rs112010353|C/T	54	48	63	27	22	50
rs55787537|T/G	326	291	541	256	223	399
rs592502|A/G	139	121	248	82	83	132
rs62210593|C/T	9	4	14	0	0	0
rs7803865|A/G	15	11	16	19	10	18
rs11650977|G/A	14	11	20	5	3	11
rs6715050|C/T	156	182	238	105	104	149
rs9532849|G/A	70	45	89	36	45	65
rs7980523|G/T	552	505	756	767	671	1055
rs314675|T/C	26	14	22	17	1	24
rs79701513|C/G	8	10	12	20	21	27
rs7954185|A/T	28	26	35	32	37	60
rs72692813|A/G	745	771	1158	909	758	1195
rs7928833|A/G	33	28	53	2	1	14
rs2294358|G/C	1592	1478	2549	1184	1060	1902
rs10418246|G/A	267	285	362	1049	1169	1439
rs566177628|A/G	93	65	92	3	4	2
rs10875887|C/T	31	29	60	19	23	17
rs12952542|A/G	44	29	52	62	80	81
rs594591|G/T	408	378	542	431	387	517
rs4818989|A/G	19	11	26	99	89	150
rs848203|A/G	130	135	142	216	167	290
rs7217728|T/C	89	56	107	23	23	48
rs7246525|A/G	4802	3559	6227	4008	2980	4738
rs4714677|G/T	28	20	15	4	8	13
rs55839256|A/T	9977	10230	14841	3193	3335	4895
rs3212930|A/G	335	329	440	373	355	367
rs544309319|A/G	90	139	154	147	159	192
rs2729634|A/G	22	6	11	23	14	9
rs76351672|T/C	167	138	242	66	67	71
rs8046062|C/G	8	13	24	97	79	141
rs75646909|C/T	17	20	13	27	17	33
rs7924228|C/T	2140	1829	2809	1266	1193	1802
rs55779147|G/A	72	63	99	79	89	125
rs9718841|A/G	822	803	1343	593	566	913
rs62056915|A/T	47	67	117	113	97	196
rs184745911|A/G	6	3	6	19	10	20
rs4952566|G/C	41	24	36	25	17	18
rs62056919|C/T	7	12	28	50	39	67
rs17661015|T/C	45	26	37	46	37	38
rs28754583|A/T	39	36	43	14	14	29
rs6539287|C/A	788	742	1117	1221	1295	1728
rs73199734|T/C	35	56	60	296	219	383
rs1490384|C/T	100	102	134	94	88	127
rs17574824|C/T	21	10	13	8	6	15
rs12582512|A/G	23	30	38	2	7	12
rs1874445|T/C	157	119	210	39	43	40
rs530783064|C/A	7	7	23	29	15	40
rs2448054|G/A	13	7	9	13	23	23
rs2448053|C/T	1	0	0	16	5	9
rs4674284|C/T	51	34	117	35	51	70
rs59009755|C/T	76	104	148	360	458	516
rs557104793|C/A	31	20	33	6	11	10
rs545244112|G/A	31	16	33	18	7	41
rs62131495|G/A	23	18	33	33	17	45
rs4792909|G/T	194	162	214	136	166	194
rs4757388|A/G	8	4	15	18	31	43
rs445921|C/A	15	17	15	10	5	3
rs12264184|T/C	17	11	24	14	8	13
rs56026524|C/T	97	128	145	75	78	120
rs553697096|C/G	52	36	63	59	43	74
rs138430|C/T	58	55	58	44	37	59
rs17574228|T/C	131	129	199	428	338	629
rs2760751|A/G	251	201	343	672	674	990
rs143187557|C/T	157	139	203	227	234	330
rs568158082|G/A	817	771	1189	176	234	407
rs354213|A/C	12	37	49	82	61	100
rs8050887|A/G	19	7	6	197	189	351
rs35562870|C/T	210	206	389	576	521	816
rs7208337|T/C	31	30	30	0	0	0
rs884629|C/G	187	200	330	92	82	182
rs10762882|G/A	94	89	127	13	8	24
rs2011732|C/A	0	0	5	34	24	45
rs12150469|T/C	22	10	26	42	28	75
rs74922289|A/G	3	2	12	7	5	8
rs12424778|A/T	8	6	5	26	24	27
rs1512450|C/G	24	18	52	0	0	0
rs4807125|C/T	344	270	549	250	241	322
rs1399132|G/A	229	305	443	567	468	803
rs2781|G/C	135	119	174	155	143	246
rs10821945|T/G	10	5	7	0	0	0
rs1078268|A/G	334	250	438	538	369	645
rs28621959|G/A	472	467	685	744	761	877
rs3794997|A/T	156	119	206	17	27	16
rs10821949|T/C	37	41	54	31	20	56
rs2340433|A/C	65	62	70	22	10	20
rs4463351|G/A	45	31	49	8	12	20
rs532600730|T/C	7	4	8	20	24	27
rs2153419|G/A	41	35	59	37	28	34
rs45495792|A/G	503	508	738	1161	1004	1510
rs56367860|T/G	3203	3355	4234	1754	1926	2335
rs67758468|A/G	115	104	167	157	148	260
rs78138308|G/A	3489	3692	5911	5854	6516	10009
rs549030526|C/G	61	65	79	176	184	251
rs4803448|T/C	8	2	10	0	0	0
rs7398996|C/T	2	2	1	5	4	6
rs9616996|A/G	431	403	538	571	558	823
rs6751325|G/T	774	766	1150	679	578	950
rs2657947|T/C	107	93	142	36	64	58
rs55749333|C/T	140	155	204	502	418	658
rs17654016|T/C	2	4	12	2	0	0
rs10438756|T/C	6	3	12	12	13	4
rs10438755|C/G	21	15	26	44	35	51
rs4235817|A/G	44	59	79	530	428	767
rs3136302|G/C	110	102	158	17	12	38
rs344008|A/G	17	11	22	23	26	31
rs55883802|G/A	48	45	94	166	162	233
rs2586457|G/A	1482	1462	1955	774	757	986
rs10021236|G/C	73	47	77	48	45	62
rs6005900|A/C	134	113	166	401	346	501
rs7332763|T/G	39	38	72	26	19	47
rs8080122|G/A	370	444	653	12	16	4
rs1491850|T/C	17	13	20	7	2	19
rs2637248|A/G	10	16	31	14	12	35
rs78826239|T/A	38	41	67	194	228	295
rs7209826|A/G	402	421	463	479	526	693
rs79419269|T/C	44	31	38	48	50	73
rs75718202|A/C	2	2	0	30	29	61
rs13283900|G/C	89	91	89	75	62	88
rs537893623|A/G	0	2	0	7	6	16
rs76836760|T/G	858	795	1213	303	232	360
rs74452579|G/A	1384	1390	2266	1192	1015	1835
rs10777415|T/C	361	307	510	679	638	877
rs514230|A/T	114	136	170	126	149	213
rs114924396|A/G	9	20	32	64	50	74
rs6499237|G/T	2	4	7	2	5	7
rs112162421|T/C	92	103	126	15	15	42
rs61779284|G/A	1073	883	1392	2955	2457	3765
rs11006941|G/T	14	8	17	6	10	9
rs112869751|T/C	115	109	116	217	151	282
rs11029928|G/A	46	41	63	43	35	69
rs17770186|C/A	160	158	169	25	24	42
rs12594229|A/C	198	205	235	188	184	327
rs10512504|C/T	74	68	99	31	40	67
rs7787620|A/G	42	32	68	76	57	166
rs230791|T/G	0	0	0	16	6	22
rs230792|G/A	2	14	16	19	45	22
rs17819973|T/A	7	6	15	10	15	16
rs56006248|A/G	19	16	45	36	28	59
rs8113356|G/A	807	784	1141	1380	1323	1951
rs17563965|A/G	104	90	216	64	54	69
rs62087952|A/G	539	524	703	497	587	787
rs35736520|T/C	128	158	245	58	81	77
rs145881252|G/C	61	79	77	45	47	61
rs8042237|G/A	7	3	3	12	6	8
rs7193472|C/T	143	94	141	321	273	473
rs7154246|G/A	5	1	6	11	12	23
rs7502888|G/C	26	17	35	35	18	43
rs12461839|G/A	114	97	151	218	185	324
rs13336753|T/C	24	33	55	33	33	52
rs8081523|C/G	566	637	983	2450	2190	3445
rs28716817|A/G	208	247	349	151	179	244
rs528888|G/A	36	30	58	3	1	5
rs10082678|A/G	55	60	66	268	229	322
rs10852437|A/G	12	13	22	7	2	2
rs17762535|T/C	1015	894	1424	394	408	649
rs41326151|C/A	71	47	91	269	287	362
rs13386290|G/C	85	119	124	43	51	79
rs170637|C/T	97	94	181	157	118	182
rs5997404|G/A	9	6	27	7	2	5
rs12896630|C/T	140	131	216	194	150	244
rs116802685|G/A	24	12	22	35	32	45
rs16945809|T/C	668	558	1031	316	307	564
rs769147|A/G	45	54	43	746	676	1064
rs61777134|A/G	164	128	223	405	376	514
rs2990245|C/T	217	207	337	110	100	109
rs56323722|A/C	545	524	746	260	253	328
rs4808737|C/T	47	56	103	383	334	559
rs1708765|A/G	17	11	12	16	3	13
rs7569033|C/T	390	398	680	156	151	221
rs6512244|A/C	1628	1159	2177	2582	1768	3176
rs59509739|A/G	4	5	7	4	5	3
rs543389|A/G	221	206	295	230	175	288
rs7209222|T/C	157	121	220	96	62	108
rs76755639|G/C	273	245	404	99	111	140
rs1440702|G/A	940	877	1438	431	426	664
rs1440703|C/T	159	103	193	109	103	131
rs7585702|T/C	24	27	44	19	22	44
rs75827972|T/C	19	16	24	24	15	27
rs73204208|T/G	242	203	319	710	657	915
rs41423247|G/C	29	17	43	41	22	39
rs10892247|G/A	588	612	908	1100	1008	1466
rs174576|C/A	21	8	29	14	1	15
rs2292356|G/A	23	16	17	23	22	35
rs7181798|C/T	13	28	63	41	20	57
rs4238427|T/C	73	43	86	95	85	195
rs11888052|C/A	128	124	155	51	23	51
rs73156485|A/T	33	12	36	21	17	21
rs73156486|C/T	87	79	135	59	58	74
rs12050813|C/T	76	94	107	131	129	134
rs848304|T/C	715	656	972	336	391	583
rs10420373|G/T	13	5	7	13	3	12
rs10205067|A/G	64	60	60	140	116	186
rs6970828|A/G	1	2	1	28	15	33
rs5754422|A/G	14	10	13	75	66	152
rs7902904|G/A	340	267	393	230	205	315
rs5754426|T/C	20	13	43	7	5	9
rs1962808|C/T	6964	6424	10684	1738	1672	2535
rs10445335|T/A	31	34	65	25	26	60
rs10445333|A/G	28	35	57	20	18	27
rs2740508|A/C	5	12	12	32	24	16
rs2589939|C/T	164	150	219	113	100	164
rs62056839|T/C	21	20	28	12	3	5
rs62056838|A/G	7	6	9	396	372	640
rs10735851|G/A	78	59	90	39	27	46
rs6728190|G/C	9	2	14	43	26	43
rs17574361|A/G	155	161	267	39	26	50
rs62056837|T/C	654	551	949	147	110	159
rs35166564|T/C	1222	1305	1782	774	902	1318
rs73399621|T/G	56	51	62	104	146	168
rs34717629|G/A	67	39	85	31	36	81
rs17542285|G/A	91	58	105	186	136	323
rs76733241|C/A	36	53	72	9	16	17
rs6503417|T/C	219	164	272	114	149	216
rs7311217|C/T	201	151	331	237	212	302
rs7863523|T/C	108	110	148	91	90	136
rs554424146|G/C	8	14	17	6	10	16
rs4711795|G/A	328	323	374	411	368	471
rs9909541|C/T	247	263	378	261	280	367
rs6433891|G/A	5	2	2	10	3	6
rs4987856|C/T	639	629	935	490	501	786
rs4987855|C/T	558	515	953	950	962	1549
rs10805475|G/A	228	293	350	229	227	329
rs564213689|A/G	130	141	227	11	9	25
rs76965906|G/A	57	63	95	4	9	22
rs2668658|T/C	33	26	41	31	44	49
rs650927|T/G	29	11	19	36	22	33
rs7278217|A/T	44	43	79	126	145	190
rs882726|C/A	24	19	22	6	7	17
rs28415976|A/G	472	490	834	374	437	517
rs6001204|T/C	197	171	291	156	96	194
rs60997773|T/A	132	192	196	245	265	429
rs3746227|T/C	34	33	40	1	0	6
rs62062324|A/T	462	462	634	762	635	853
rs62062325|C/A	572	561	885	503	382	614
rs4936261|C/T	291	267	401	300	303	460
rs76422220|G/T	29	16	43	14	3	7
rs73057365|G/A	25	24	49	10	10	13
rs1721391|A/G	21	21	36	33	30	36
rs61845219|G/A	23	19	32	9	7	7
rs9615099|T/A	36	28	52	110	84	159
rs3181251|C/T	216	246	444	248	211	267
rs11972702|C/T	11	17	31	15	17	31
rs1988664|C/T	22	24	43	5	10	5
rs9475540|G/A	13	10	17	0	0	4
rs220382|G/T	1	6	21	4	5	8
rs35671096|T/C	4	4	8	6	2	19
rs3118906|G/A	144	94	198	92	89	120
rs9535743|C/T	2	2	0	6	13	16
rs117309129|C/T	424	416	569	146	112	192
rs28587460|A/G	4	14	20	7	12	20
rs113161176|G/A	1316	1201	1813	915	872	1185
rs17653255|C/A	26	31	28	128	103	152
rs57056392|A/G	74	51	82	10	14	12
rs167301|T/C	1557	1477	2123	1103	1039	1603
rs73717402|T/G	150	114	186	167	155	220
rs2510768|G/A	835	985	1333	717	796	1020
rs71329479|C/T	12	8	15	10	2	18
rs4791171|T/C	216	208	291	272	279	339
rs417769|T/A	16	9	16	3	14	11
rs79355514|A/G	29	55	73	95	91	131
rs4683605|C/A	0	0	1	20	9	48
rs74457229|C/T	64	57	103	75	47	60
rs10821950|T/C	27	28	60	18	12	31
rs6940887|G/A	96	93	155	58	63	78
rs11202524|A/G	324	317	520	329	292	401
rs4676273|G/A	14	8	10	4	1	4
rs67124498|A/G	357	347	471	420	442	613
rs76833657|G/A	11	17	24	44	38	58
rs7042420|C/T	383	345	571	425	278	521
rs2595004|C/T	16	12	38	45	36	59
rs230767|A/G	8	11	30	2	5	7
rs34559191|C/T	312	274	330	113	109	163
rs230762|A/G	10	6	5	8	7	14
rs7903981|C/A	19	13	15	7	14	13
rs11651971|G/A	29	23	40	10	20	17
rs112493812|G/A	9	10	12	1	2	5
rs572482907|T/C	13	3	12	14	17	21
rs11424|C/G	243	212	306	179	175	210
rs58809476|C/T	312	333	387	213	206	292
rs112899542|A/G	202	196	331	134	186	295
rs78215486|C/T	111	109	201	214	171	227
rs76789475|A/C	19	13	20	22	20	43
rs230783|G/T	18	15	37	1	1	0
rs62233159|G/A	122	100	231	48	44	57
rs36105845|A/G	1450	1370	1935	1494	1565	2339
rs4794859|T/G	32	18	19	23	17	15
rs9217|T/C	30	20	30	45	38	41
rs62087947|G/A	171	105	185	44	35	83
rs17486922|T/G	34	24	49	16	8	18
rs11102050|A/C	55	72	74	69	70	123
rs2082068|C/T	92	76	121	116	89	132
rs7495437|A/G	144	109	182	107	79	143
rs113856644|G/A	93	78	109	13	12	38
rs3885074|C/A	47	35	48	17	12	18
rs145605569|C/T	110	130	121	99	99	127
rs572760195|T/C	671	626	861	205	169	267
rs13149406|A/G	229	232	227	113	107	175
rs11638325|A/G	33	29	44	47	42	54
rs6548240|C/A	260	235	435	1293	1332	1931
rs9304841|C/T	18	18	27	6	8	13
rs6696397|C/A	168	151	178	286	263	455
rs8076642|A/G	113	152	120	813	710	1014
rs266846|C/G	126	97	108	41	56	81
rs80120913|C/G	0	0	0	5	6	10
rs7965579|A/G	149	122	196	200	189	265
rs188811675|T/C	19	16	33	36	32	50
rs4930272|A/G	109	80	162	82	72	112
rs7646518|T/C	13	6	17	31	25	29
rs498782|A/G	454	338	554	134	158	272
rs12150127|G/A	3	3	4	22	16	27
rs2038677|C/G	53	60	62	422	353	430
rs941306|C/T	20	13	40	16	9	5
rs111323716|C/T	202	158	337	84	65	106
rs2492502|A/G	288	284	400	166	121	165
rs11701737|A/G	80	73	90	309	322	529
rs7119817|C/A	30	27	45	10	17	12
rs213768|A/T	4	8	5	77	51	85
rs557885236|G/T	10	7	10	0	0	0
rs3779456|T/C	659	672	1028	474	440	610
rs4525538|A/G	1634	1550	2590	643	530	964
rs6504057|A/G	13	8	17	26	19	34
rs2316763|C/T	176	216	289	270	245	346
rs78453308|G/A	18	9	42	0	0	4
rs6778003|T/G	126	107	198	50	47	91
rs2303695|C/T	1050	1026	1531	142	188	281
rs2316769|A/G	15	13	29	1	3	5
rs2316768|G/T	20	20	36	42	24	48
rs9596220|T/C	103	141	152	40	57	56
rs1638003|A/G	35	20	41	35	28	55
rs1145656|C/A	1845	1839	2590	75	68	166
rs1380416|T/C	28	19	25	10	9	10
rs55924019|A/G	13	17	26	19	19	38
rs78917495|C/T	51	29	65	57	73	81
rs17617941|T/C	7	7	9	62	44	70
rs3800377|A/G	49	60	45	24	24	19
rs7935347|G/T	98	87	93	351	342	402
rs2769711|C/G	74	85	121	142	97	175
rs542442671|C/A	5	7	7	4	4	9
rs2305842|G/A	0	0	0	23	23	30
rs4147247|C/G	416	395	562	519	437	619
rs62056786|T/C	1088	1076	1580	3917	3883	5603
rs17571857|A/G	9	16	14	24	12	28
rs9525502|A/G	73	52	69	40	32	56
rs1410873|C/G	21	36	28	218	180	277
rs4803848|T/C	64	61	61	76	31	101
rs6561002|T/G	45	35	46	14	20	24
rs73717387|A/G	13	6	4	2	4	1
rs1874315|G/A	25	30	48	80	52	104
rs7178242|C/T	25	16	23	18	32	44
rs7717406|A/G	170	146	188	157	150	241
rs13217271|A/G	4	8	12	16	17	39
rs113916029|A/T	0	0	0	50	50	82
rs67615407|A/T	2	5	12	15	9	15
rs3181248|G/A	12	12	24	4	7	9
rs2256609|A/G	13	16	15	15	8	11
rs10857811|T/G	6	11	12	3	1	2
rs7787825|A/G	50	63	77	31	23	41
rs2506878|C/A	22	32	47	6	11	15
rs7225449|G/A	120	79	191	70	68	89
rs1880750|T/A	73	64	112	40	40	64
rs7213885|T/A	65	66	91	60	41	57
rs2398661|C/A	90	50	152	112	52	84
rs471349|T/C	30	22	35	29	26	47
rs9348876|C/T	11	5	21	8	8	16
rs6503408|C/T	73	77	117	36	47	70
rs146447986|C/T	11	9	21	10	3	5
rs11666117|A/C	173	99	205	636	509	838
rs4987845|C/T	113	80	119	148	77	164
rs8065497|A/G	14	10	26	28	27	42
rs2129869|A/T	10	16	11	12	12	12
rs4664604|C/G	2	4	1	4	2	7
rs12494985|G/A	13	10	12	3	3	7
rs11881300|A/G	1549	1629	2143	938	1033	1392
rs727479|C/A	8	13	4	10	6	30
rs6737937|G/A	2	1	5	62	55	63
rs1558902|T/A	76	51	104	30	20	37
rs10409483|C/G	8	10	19	17	20	31
rs34006994|C/T	32	26	46	31	22	33
rs17575423|T/C	10	10	32	6	4	6
rs6689074|T/C	7	2	11	10	1	18
rs2668670|A/C	61	62	82	76	75	130
rs13405076|T/C	41	22	56	104	59	85
rs57505611|C/T	108	90	159	55	52	102
rs11653144|C/T	42	41	34	20	34	35
rs12931242|T/G	6	16	27	18	13	35
rs588447|A/C	68	62	100	137	91	169
rs2941586|A/T	10	11	24	27	17	53
rs1293672|A/G	9	19	21	7	16	14
rs79348289|T/C	15	18	13	10	3	10
rs11802776|G/A	1	3	0	3	3	7
rs12948045|T/A	239	153	316	245	226	300
rs4794197|C/T	17	6	28	5	8	6
rs4952562|G/C	19	25	27	25	16	38
rs7559428|A/G	57	74	106	326	305	488
rs10734390|T/A	11	7	29	21	18	33
rs60576643|T/A	23	22	40	14	9	37
rs74717325|G/C	89	76	129	22	25	54
rs13344784|C/T	120	125	192	287	294	473
rs452727|A/G	26	26	45	57	22	58
rs17532412|C/A	14	16	30	34	40	64
rs12482367|G/A	0	0	0	13	18	23
rs10066387|G/T	233	214	369	589	543	765
rs3932167|T/G	11	6	11	4	10	6
rs2010404|C/A	4520	4938	6701	604	683	943
rs2541583|A/G	133	107	128	198	155	258
rs34487973|G/A	402	382	522	285	283	423
rs6956946|T/G	6	1	9	23	21	36
rs77604208|C/T	12	4	16	12	7	7
rs113313727|G/A	13	8	31	1	4	6
rs75033859|C/A	7	9	13	25	10	16
rs34444272|G/A	48	57	49	69	40	74
rs61296092|T/C	1314	1179	2137	429	378	650
rs66768878|T/C	27	23	49	7	15	20
rs11088271|G/T	117	78	162	44	39	79
rs555776298|T/G	567	573	839	349	314	501
rs7705853|A/G	15448	16754	21580	7363	7066	10936
rs188760|C/T	2	0	5	34	24	48
rs9668959|G/C	2200	2013	3039	2031	1794	2650
rs117787934|C/T	390	379	517	191	242	279
rs7873327|A/G	12	4	14	0	0	0
rs6120329|T/G	21	25	36	36	50	77
rs57958330|G/T	426	384	567	1070	872	1343
rs117488543|G/A	13	11	12	7	5	5
rs141766944|C/T	47	27	63	47	38	46
rs17563986|A/G	4	0	4	31	34	29
rs16826069|A/G	36	17	43	9	4	7
rs10777536|G/A	117	108	117	134	110	178
rs56184817|T/C	9	7	15	15	14	24
rs77294312|G/C	38	37	56	74	50	87
rs17763596|G/T	40	30	62	105	111	197
rs2504069|C/T	105	91	146	56	59	67
rs76940144|C/T	3	5	8	12	7	11
rs79293336|G/A	11	11	7	28	28	45
rs1736207|C/G	102	93	164	54	42	79
rs1736206|C/T	216	170	278	83	66	116
rs1736202|G/A	571	610	830	788	713	959
rs11670039|T/G	2015	2138	2996	1344	1265	1967
rs2696432|C/T	9	10	11	65	71	83
rs636374|A/G	125	107	122	197	167	241
rs78371015|C/T	141	87	177	306	307	459
rs2025096|G/A	120	159	224	179	138	214
rs2370744|A/G	9	21	35	124	117	123
rs8102405|C/T	41	32	60	21	16	22
rs2089898|C/T	41	25	27	9	4	3
rs7773093|C/T	8	4	4	5	11	5
rs729782|G/C	22	26	67	35	72	73
rs17447982|C/T	221	178	339	177	175	227
rs251390|G/A	18	25	39	66	48	83
rs114459062|G/A	6	8	20	61	54	36
rs2834845|G/A	0	0	0	11	4	18
rs2834842|G/C	36	37	82	97	93	113
rs75919795|T/C	14	6	11	0	1	1
rs73130140|A/C	28	44	52	37	26	73
rs7222480|G/T	46	46	84	71	63	114
rs4704959|A/C	10	8	16	8	7	10
rs17576842|A/G	22	15	19	76	67	81
rs55686611|A/C	2	7	10	17	15	23
rs76895963|T/G	12	6	12	38	16	34
rs11175835|G/A	215	158	201	149	144	218
rs2292578|T/C	25	19	17	9	5	18
rs112060848|G/T	709	614	981	1492	1384	2288
rs2276700|C/G	10	6	6	11	5	16
rs7218653|A/G	9	4	15	15	17	28
rs12175261|T/G	6	5	4	10	7	16
rs10843388|G/A	177	141	215	416	392	568
rs16942624|C/T	50	51	81	104	79	146
rs7121378|T/C	16	7	23	0	0	0
rs113810201|A/G	26	23	43	3	1	3
rs116271212|C/A	62	48	62	6	1	12
rs115657253|C/G	12	13	20	14	23	32
rs10896341|G/A	34	23	22	34	16	30
rs12601576|C/T	373	325	470	240	216	337
rs7775814|G/A	39	40	37	69	47	86
rs4948496|T/C	48	40	62	239	188	343
rs74174352|T/G	6	7	12	4	9	11
rs10471947|G/A	1186	1023	1672	1097	934	1541
rs641760|T/C	756	709	977	1205	1286	1850
rs61782190|A/C	23	13	10	25	25	41
rs6559751|A/G	33	36	61	26	28	28
rs45439498|A/G	239	197	307	245	209	299
rs45555735|G/A	47	69	38	122	128	176
rs28758879|G/A	69	76	88	149	160	233
rs77269686|T/A	45	53	63	55	52	100
rs2723555|T/A	15	18	37	32	52	86
rs16994431|G/A	32	27	38	46	28	57
rs71382566|A/G	151	141	200	242	207	265
rs56400821|C/A	403	445	554	136	115	201
rs4757354|A/G	0	1	11	19	7	11
rs523029|T/G	23	39	48	0	0	0
rs12940389|G/A	460	490	874	29	22	15
rs2287326|T/G	456	470	808	313	324	544
rs9464335|C/A	182	147	220	170	191	219
rs2710020|T/C	46	20	58	49	56	81
rs17650301|A/C	4	0	11	2	7	12
rs57171530|C/G	0	0	0	7	5	10
rs72938548|T/G	7	13	27	19	19	23
rs373853|G/A	187	205	335	85	82	175
rs535726547|G/A	5	1	4	17	17	35
rs11667435|C/T	1052	1020	1479	604	602	1015
rs57754579|A/G	131	125	201	379	349	533
rs544255850|A/G	254	229	347	332	274	463
rs4749652|C/T	164	152	223	122	115	201
rs566209918|A/T	30	57	82	64	60	105
rs55831516|C/T	44	48	59	13	18	41
rs41280116|C/T	355	333	512	192	127	275
rs11672614|C/T	62	73	102	84	50	94
rs111684288|G/A	193	216	246	220	178	297
rs413917|G/A	41	35	63	14	13	19
rs11079173|A/C	29	20	36	19	34	36
rs6493460|T/A	51	36	70	63	39	38
rs1424552|T/C	80	68	85	9	42	40
rs57109552|T/C	9	12	27	5	3	5
rs12609437|C/T	120	112	166	72	81	103
rs7072854|T/C	1056	1104	1345	904	800	1192
rs6119548|A/G	17	10	16	24	13	40
rs2160013|C/T	297	274	376	136	127	179
rs17575437|T/A	38	47	63	34	29	38
rs17039107|C/T	16	15	31	76	67	78
rs139062737|G/A	894	916	1102	990	811	1340
rs9898343|T/C	403	445	559	637	594	826
rs79968656|A/T	13	11	9	6	8	6
rs62229404|C/T	560	533	663	1064	1101	1346
rs2284073|T/C	1	2	0	22	17	15
rs42377|G/A	8	10	27	13	16	16
rs3741619|G/A	222	174	273	248	245	361
rs73583978|A/C	43	47	80	61	61	53
rs706801|A/G	4	7	8	8	6	7
rs10180005|C/G	39	37	69	46	40	78
rs1467561|T/C	331	329	428	314	251	324
rs7559416|A/G	550	524	819	1519	1334	2002
rs4729618|C/T	236	207	347	216	203	267
rs7290019|G/A	154	180	234	271	272	470
rs111314258|T/C	16	8	19	4	7	8
rs12902196|C/G	39	25	36	81	72	94
rs62358725|A/G	21	28	43	19	14	25
rs112123127|C/T	49	53	108	70	63	92
rs6874|C/T	571	561	904	181	128	188
rs241029|T/C	23	17	32	33	32	57
rs6888871|A/G	7	9	17	14	12	40
rs10962290|A/C	1355	1455	1892	395	366	489
rs12578112|C/T	234	192	354	305	246	334
rs76730553|C/T	2	9	4	2	5	8
rs28587205|A/T	1	6	3	3	8	11
rs2979821|T/A	7	9	16	8	2	16
rs12467432|C/T	4366	4275	6908	6085	6149	9331
rs58165285|C/T	55	55	109	29	29	27
rs6941626|T/C	136	128	218	9	16	20
rs79872807|A/G	2	5	7	19	16	25
rs7107790|G/A	71	60	121	47	38	53
rs2792433|T/C	68	98	114	34	20	44
rs112674766|A/T	42	38	60	130	121	160
rs9626459|A/G	28	33	41	135	105	139
rs17160520|G/A	3	3	1	5	11	12
rs117674193|C/T	6	10	24	19	18	37
rs4926127|T/C	27	18	39	31	23	45
rs567428298|A/G	17	19	28	10	15	8
rs572616442|C/T	65	61	94	58	70	85
rs6973369|A/G	38	34	47	23	14	20
rs78342715|C/G	341	282	478	305	288	364
rs2309751|A/G	18	11	31	60	55	110
rs12485642|C/A	0	3	3	25	16	24
rs544076796|C/A	102	114	204	76	76	135
rs563972143|A/T	8	9	17	10	7	19
rs62060769|G/C	46	48	33	14	12	30
rs8081577|G/C	13	16	16	4	7	25
rs2687950|C/T	6	2	2	3	4	7
rs75716851|T/A	19	14	27	5	3	6
rs74129028|A/C	7	7	12	4	6	9
rs79674812|G/A	30	23	33	87	70	95
rs58030780|G/A	122	70	128	318	297	467
rs10861970|C/A	78	42	100	138	101	152
rs11625265|A/G	206	207	318	227	197	256
rs4821810|C/G	97	104	107	7	10	4
rs4821815|G/A	958	936	1327	349	328	431
rs17710998|A/G	297	246	484	457	409	709
rs75923656|T/C	2	4	14	14	9	15
rs151165225|C/T	72	54	116	106	83	162
rs3746448|C/T	110	101	180	199	167	316
rs2532412|A/G	13	13	22	7	9	8
rs2532417|C/T	24	15	30	16	12	38
rs9899411|A/G	37	35	70	82	36	101
rs187187134|G/A	160	150	160	88	110	138
rs12907587|G/C	19	21	23	75	27	51
rs9643355|C/A	242	209	341	168	156	206
rs72744832|T/C	22	9	31	0	0	0
rs6697001|C/T	108	132	185	181	168	288
rs5998619|G/A	140	102	213	68	63	111
rs4929908|G/A	124	106	155	175	134	249
rs78781371|G/A	175	130	204	76	62	83
rs11959068|G/T	13	23	32	6	4	4
rs10756782|C/A	123	101	138	29	33	34
rs165986|G/A	95	88	121	74	56	81
rs7178824|G/C	1291	1188	2004	1071	955	1767
rs346082|C/G	238	191	257	66	54	80
rs6429781|C/A	33	43	54	70	90	119
rs7959150|A/G	183	186	337	86	108	110
rs17664048|A/G	25	36	46	39	22	39
rs73532348|C/T	7467	7904	10696	2058	2017	2961
rs34656141|C/T	163	162	218	172	132	220
rs3743347|C/A	2	4	12	69	35	59
rs7280456|G/A	30	30	66	48	55	70
rs12980248|T/C	40	40	72	106	80	120
rs11755391|G/A	52	33	72	45	33	61
rs115835880|T/A	68	52	60	88	64	122
rs1983490|G/A	410	427	650	243	267	309
rs34627158|C/A	14	15	18	16	20	20
rs2942170|C/T	41	51	73	62	46	96
rs4686683|T/G	32	26	39	109	105	148
rs6751994|A/G	35	21	36	17	14	15
rs7223540|G/C	30	30	72	7	9	6
rs6751993|A/G	12	5	9	12	7	14
rs2589962|G/A	26	25	39	4	4	10
rs241023|G/A	26	27	45	124	95	144
rs562641029|T/G	19	17	39	4	21	9
rs149534615|G/C	297	332	411	556	571	816
rs11114064|A/G	1310	1444	1926	636	643	821
rs79332332|G/T	74	101	138	133	163	205
rs6517519|A/G	87	104	149	88	91	125
rs6731135|T/C	42	28	32	24	30	48
rs12973356|C/G	63	37	69	39	50	58
rs75937733|A/G	76	63	120	74	82	106
rs16958816|T/C	14	10	22	18	6	3
rs2235741|C/T	263	178	232	400	413	391
rs73399615|G/A	24	14	50	27	20	41
rs2235744|G/A	471	402	684	608	641	1052
rs8043270|C/T	17	11	36	8	5	12
rs7015516|A/G	183	157	214	188	177	252
rs6688051|C/G	194	214	325	384	370	596
rs12259731|G/A	25	33	30	0	0	0
rs10002|G/A	335	311	476	358	320	486
rs351995|C/A	734	833	1265	468	525	717
rs72936524|G/A	779	785	1062	805	814	1067
rs7162631|A/G	134	118	243	52	66	107
rs62048402|G/A	9	15	22	3	3	1
rs141813333|G/C	224	198	316	222	224	381
rs77061610|G/T	386	317	453	227	211	350
rs115484560|T/G	36	31	32	13	19	22
rs2668665|G/A	11	15	21	8	8	17
rs2283789|T/G	60	109	122	156	152	210
rs75064234|A/G	85	97	178	150	132	196
rs763585|G/A	115	89	166	12	15	5
rs57598348|T/C	18	16	31	34	26	32
rs62063799|C/G	132	96	169	97	62	139
rs4865941|T/C	5	6	8	12	11	15
rs34445564|A/T	29	20	43	65	58	94
rs60203782|G/T	44	36	55	95	69	114
rs7938467|C/G	61	46	38	104	100	170
rs7902719|C/A	70	41	87	15	7	19
rs10767632|C/G	78	59	114	27	37	54
rs10767635|C/T	28	24	26	40	47	73
rs4703937|G/A	34	37	62	37	40	36
rs1783541|C/T	0	0	0	19	17	15
rs11170786|G/A	62	57	96	83	79	136
rs6879995|C/A	33	28	49	204	168	274
rs576947229|A/G	0	0	0	32	11	39
rs11170785|C/T	55	35	63	39	37	60
rs6469765|T/C	11	15	10	60	38	123
rs61684153|G/C	165	147	213	152	126	254
rs12829456|C/T	277	248	264	898	765	1149
rs10900843|A/G	5	1	0	12	16	18
rs12091731|C/T	2296	2205	3315	1652	1705	2455
rs2429438|G/C	109	106	193	280	271	375
rs6955362|C/T	23	16	21	5	6	6
rs9535738|G/T	18	28	45	11	27	30
rs16864036|T/C	42	42	74	78	80	130
rs10489880|A/G	22	25	28	52	35	63
rs739645|T/G	174	170	284	306	294	426
rs4340687|T/C	635	575	848	587	487	706
rs10887114|T/C	49	23	71	17	13	23
rs559790424|A/G	21	7	27	37	33	30
rs17626220|A/G	14	2	10	48	54	35
rs7783457|A/G	54	35	72	21	28	29
rs9896684|G/A	228	185	350	131	106	200
rs17739125|T/C	45	28	63	83	65	120
rs12460349|C/T	19	23	32	2	7	11
rs73082474|A/C	26	26	38	18	22	29
rs7215879|G/A	1810	1536	2833	2218	2256	4052
rs9596219|C/T	9	7	15	12	9	19
rs1570255|G/C	10	9	4	2	0	3
rs2301944|C/T	613	560	797	652	604	890
rs544380840|A/T	1	2	1	13	21	23
rs77663417|C/T	29	12	39	26	40	69
rs8140110|C/T	8	6	12	20	11	34
rs6496796|T/C	2	3	10	5	4	7
rs1599969|C/T	298	240	405	221	179	271
rs17560706|T/G	4	4	6	8	6	18
rs2881935|C/T	418	433	541	155	126	181
rs2028162|T/C	20	13	18	6	6	7
rs10423017|G/T	152	107	242	480	363	635
rs55684140|T/G	35	47	85	11	9	20
rs74496580|C/A	637	702	1097	301	415	525
rs11688129|T/C	81	72	122	42	40	59
rs55788678|C/T	2441	2462	3561	2911	2748	4132
rs1548807|T/G	76	49	88	33	25	66
rs573082572|T/G	18	27	46	21	16	22
rs1021679|A/G	103	70	143	136	111	165
rs4561245|T/C	171	125	273	115	121	143
rs62055464|T/G	106	118	196	382	414	552
rs10875906|C/T	49	46	91	7	5	6
rs7223228|T/C	34	51	71	44	61	97
rs564717292|C/T	408	338	531	141	127	161
rs1915443|T/C	18	26	48	43	56	86
rs16941035|T/G	18	31	44	20	52	81
rs6505130|G/A	12	11	8	90	88	129
rs569025098|C/T	87	60	116	136	115	197
rs2631299|G/T	868	927	1301	637	591	889
rs747091|T/G	17	13	33	7	13	30
rs6498143|T/G	2887	3155	4665	1416	1276	2090
rs2532407|T/C	15	2	7	9	7	18
rs5770931|T/C	41	72	88	55	87	124
rs12947597|C/T	336	343	463	59	54	113
rs34934239|G/A	184	247	245	4	4	16
rs939666|C/T	17	14	44	41	52	53
rs2240217|C/T	172	169	267	125	109	190
rs939669|T/C	61	57	94	14	18	26
rs2854224|C/T	238	201	281	30	22	29
rs2012144|C/T	93	96	131	486	339	468
rs55718193|A/G	7	9	13	27	29	65
rs1717721|C/T	5	6	13	2	4	3
rs2293158|T/C	19	14	33	46	26	50
rs1985076|T/C	161	116	124	27	27	62
rs4389179|C/T	37	28	28	11	15	17
rs2795913|G/T	12	11	6	6	23	24
rs12150447|A/C	261	240	396	268	239	357
rs174538|G/A	2095	2499	2728	263	331	346
rs6440006|G/A	5	9	19	25	13	32
rs10069491|T/C	5	3	14	3	4	7
rs184978907|G/C	1150	1025	1556	859	749	1119
rs8063180|G/A	490	468	731	286	263	389
rs74261249|A/T	0	11	18	8	16	25
rs28633567|T/C	15	10	21	29	27	33
rs56258199|A/G	581	590	854	464	472	602
rs549413112|A/G	68	51	107	180	133	244
rs145846918|C/T	94	96	126	70	91	123
rs4569456|G/A	266	249	343	522	473	729
rs7733216|T/C	532	580	761	455	451	698
rs2292554|T/C	612	507	707	565	511	1076
rs75024603|C/T	92	55	90	127	147	173
rs1736221|A/G	108	68	141	28	16	38
rs6672925|G/A	71	75	84	25	56	68
rs833823|A/G	186	185	250	212	202	398
rs1734114|A/G	12	9	12	0	0	0
rs1865803|T/C	3	2	4	10	4	8
rs62056785|T/C	2381	2271	3505	2133	1946	3158
rs1769725|T/C	112	119	114	64	61	71
rs11672590|A/C	48	35	52	32	24	52
rs6485702|T/C	899	794	1135	704	677	981
rs113861924|T/C	193	187	269	246	210	312
rs11704286|T/G	0	0	2	7	5	7
rs2296029|C/T	53	61	92	96	96	133
rs2942169|G/C	564	496	691	893	972	1058
rs10859136|A/G	1	2	1	5	7	7
rs13080468|C/T	268	331	463	158	235	205
rs111528363|C/T	159	155	237	107	45	95
rs7255019|A/G	62	29	68	115	119	183
rs241039|A/T	1	2	1	8	5	12
rs145848989|T/C	8	8	12	41	31	62
rs241030|A/G	515	467	637	416	357	532
rs241033|G/A	270	384	432	394	374	557
rs75884992|T/C	3089	2753	4507	2572	2298	3470
rs6619|T/C	11	11	25	1	0	2
rs8071005|G/A	54	47	80	42	62	58
rs62060768|G/A	0	0	0	5	9	4
rs2402556|C/T	14	17	24	8	11	22
rs56298110|A/G	48	35	82	62	40	44
rs2601195|G/A	65	55	37	65	37	56
rs17577024|G/A	18	14	19	6	7	4
rs12591775|C/A	1022	740	1539	866	628	1400
rs6896107|T/C	2336	1985	3059	3143	2550	3886
rs10878986|T/C	40	51	65	30	17	31
rs413844|G/A	5	7	9	14	22	37
rs4793172|A/T	27	19	26	18	6	19
rs2272828|A/G	42	29	71	80	73	104
rs10830956|C/T	15	20	33	20	23	31
rs7284348|C/T	34	28	54	98	107	106
rs35320790|C/A	149	196	220	163	165	223
rs5749480|A/G	31	16	36	24	25	37
rs74063255|G/A	15	20	22	15	7	22
rs190296569|C/T	185	103	212	41	53	136
rs13217571|G/A	48	37	68	27	25	28
rs186692714|T/G	9	13	31	7	8	12
rs1810067|G/A	516	494	655	445	381	551
rs4488059|T/C	602	539	847	314	279	319
rs11862081|A/G	20	22	21	10	18	21
rs11764781|C/A	58	49	39	39	33	96
rs708100|G/A	84	63	90	29	33	92
rs9894076|G/A	14	11	12	9	14	17
rs117400692|C/A	186	194	267	93	76	108
rs1388387|T/C	47	35	65	11	6	11
rs36066545|G/A	129	119	188	249	276	399
rs55673092|G/A	112	99	170	31	22	60
rs12913603|A/C	46	21	67	20	24	38
rs28660334|C/G	200	252	381	137	136	119
rs17564153|G/A	379	278	513	476	399	573
rs9388008|C/A	16	17	23	37	29	32
rs79381451|A/G	21	20	30	21	15	30
rs72784621|C/T	590	631	995	1052	1027	1503
rs554899842|T/C	279	237	356	77	61	107
rs554127484|C/T	14	10	4	1	0	0
rs11242313|A/G	6	1	10	19	12	25
rs11242312|A/G	51	64	90	69	77	98
rs72806653|C/A	44	64	94	21	20	36
rs550434352|G/A	6	2	10	1	2	4
rs1402274|T/C	89	68	134	90	51	126
rs12722864|C/T	69	49	46	46	51	82
rs11078680|G/A	724	759	838	369	452	457
rs7211615|A/G	410	385	546	623	692	922
rs11078685|C/T	32	35	77	117	138	201
rs10805474|A/T	444	339	581	321	363	454
rs5757135|C/T	14	8	15	7	6	4
rs8032921|T/C	24	9	6	10	3	4
rs2239626|T/C	64	42	85	55	40	74
rs28558703|G/C	194	261	274	407	333	589
rs537757858|C/T	20	13	26	2	1	3
rs564973192|A/G	26	26	39	32	20	34
rs62360531|C/T	4	9	13	13	5	15
rs7931915|A/T	8	4	8	7	8	7
rs765991|A/G	78	56	82	38	36	70
rs113142397|G/A	48	47	70	3	9	13
rs2576362|G/T	115	74	95	233	204	323
rs1001172|C/T	2265	2093	2898	1575	1671	2154
rs562098568|C/T	44	24	23	19	18	39
rs11621193|C/T	43	29	43	42	55	65
rs11231138|C/G	6	1	1	11	15	22
rs13024654|G/T	23	10	33	14	18	23
rs73043288|C/G	71	51	66	78	60	95
rs543465293|C/T	14	6	17	7	3	12
rs1864440|A/G	470	448	651	769	755	1113
rs4671646|G/A	37	22	34	65	37	82
rs2273182|A/G	90	73	111	78	64	127
rs140868667|G/A	1146	1182	1596	956	929	1269
rs144922911|C/T	244	235	252	685	560	729
rs903824|G/A	16	10	9	5	3	8
rs113932433|G/A	193	204	320	298	256	403
rs903823|G/A	115	103	159	216	147	197
rs903822|G/C	134	101	174	543	564	808
rs13358894|T/C	19	22	27	21	17	30
rs12426399|G/T	120	94	159	121	104	219
rs518096|C/T	127	125	184	85	103	92
rs3759316|A/C	61	52	60	28	31	28
rs9610510|A/G	97	87	127	167	134	202
rs28611111|A/C	1018	982	1402	530	553	808
rs146281688|G/A	36	60	74	81	101	140
rs7740188|G/A	80	63	103	10	1	2
rs1151490|A/C	32	28	51	64	42	127
rs17053711|G/A	46	36	67	37	18	57
rs62062813|G/A	1072	1199	1722	24	31	43
rs79035495|C/T	5	8	14	7	13	19
rs3087502|G/A	59	24	58	123	144	187
rs10451283|T/C	14	10	28	15	18	13
rs17697480|G/C	89	80	152	17	27	26
rs78201026|C/T	17	12	21	48	39	87
rs562599|A/C	6	9	21	0	0	0
rs1000777|A/G	1775	1928	2686	3425	3695	5189
rs13273257|A/G	23	25	35	136	108	183
rs7715539|C/T	26	21	19	1	5	6
rs56221953|T/G	25	26	45	55	47	94
rs6791988|T/C	734	786	917	851	1164	1238
rs71381305|G/A	278	255	370	362	350	544
rs10876529|T/C	39	23	37	9	14	24
rs10434745|A/G	79	61	116	3	3	21
rs7105119|C/T	32	19	39	66	62	107
rs2282978|T/C	74	66	101	77	62	90
rs1346|A/T	18	14	26	23	19	38
rs12225548|C/G	326	255	444	382	364	528
rs5757251|G/A	1292	1208	1656	791	837	1087
rs567324860|G/A	31	34	38	20	14	9
rs2834837|T/G	2	6	8	7	2	6
rs112364920|A/T	51	62	70	47	48	68
rs4878552|T/C	174	130	250	188	138	317
rs629301|G/T	319	280	518	326	340	494
rs12592400|C/A	200	233	189	115	69	119
rs1365331|A/G	77	52	96	68	66	121
rs5749479|G/A	1	0	3	26	16	33
rs4759409|G/C	2	7	9	3	5	3
rs378392|C/G	9	3	4	39	37	56
rs12470457|A/G	6	3	6	6	7	15
rs4564621|G/C	822	767	1180	698	670	1059
rs75576950|C/T	147	152	178	114	77	163
rs10883795|T/C	29	32	84	42	30	62
rs693906|G/C	106	129	205	61	69	138
rs144327849|T/C	0	0	0	7	14	26
rs2396049|A/G	197	181	345	528	537	781
rs11689667|T/C	43	55	65	76	73	137
rs6975514|T/C	2	2	4	4	5	8
rs72780194|G/A	5	2	7	5	3	10
rs72780193|A/G	19	9	23	9	15	24
rs11728766|G/T	9	9	25	26	18	25
rs67261871|T/C	104	93	130	101	122	199
rs62055460|G/C	1	2	4	15	6	21
rs34010330|G/C	1431	1361	1890	1030	1061	1389
rs13312727|T/G	1743	1960	2697	3541	3652	4947
rs76421814|T/C	2455	2426	3558	4560	4520	6431
rs12992109|T/C	92	98	137	108	93	164
rs2601181|C/T	90	79	145	61	52	43
rs17019952|C/A	106	85	124	72	48	108
rs41400646|A/G	12	8	16	11	7	16
rs10171410|A/G	97	106	110	315	318	475
rs17574604|A/G	2	0	9	19	10	19
rs1716171|C/T	13	19	16	43	27	42
rs12050936|A/G	16	19	19	17	21	26
rs1716175|A/T	27	31	38	53	56	98
rs12461296|C/A	0	0	0	3	13	11
rs62131480|G/C	600	452	765	504	431	721
rs35632316|G/A	535	461	753	88	151	183
rs6120812|T/C	37	32	69	32	26	39
rs11654342|G/T	69	64	73	139	138	192
rs80028338|A/C	225	202	312	164	151	209
rs7589236|C/G	73	37	74	19	24	28
rs78454137|G/A	89	93	115	56	51	79
rs455028|T/C	90	99	166	21	15	33
rs2391440|T/A	84	99	162	89	94	148
rs62063684|T/C	8	5	20	0	0	0
rs62063682|G/A	154	154	178	304	318	336
rs5757252|G/T	80	75	121	1	4	2
rs62063680|C/A	204	127	276	143	91	168
rs62063681|A/G	57	50	65	152	169	214
rs2072304|A/G	264	225	317	190	162	288
rs7787376|A/G	11	14	12	1	0	0
rs5754295|C/A	38	20	58	137	130	161
rs12741444|C/T	53	58	72	49	71	76
rs1962269|C/T	2087	2143	3209	1239	1462	1983
rs149526962|C/G	38	36	58	20	27	40
rs4848971|G/A	40	39	63	38	47	52
rs9909628|A/T	3	3	3	11	10	34
rs9788007|T/C	28	33	41	26	32	59
rs139838|G/A	83	68	120	91	73	159
rs8067470|A/G	452	450	693	229	187	271
rs28628001|G/A	21	17	20	31	16	30
rs2846139|C/T	539	486	798	1217	1098	1861
rs115238300|A/G	1095	1011	1363	807	815	1170
rs10818937|C/T	11	4	14	24	21	27
rs11023813|G/T	70	49	84	88	98	159
rs7038212|A/C	50	23	65	35	28	84
rs117587601|A/T	124	90	150	101	95	126
rs4270219|A/G	12	16	21	22	24	42
rs72927149|G/C	232	257	359	595	526	727
rs1535104|C/T	51	43	68	76	36	74
rs74699275|A/G	5	3	6	1	2	8
rs2696296|C/T	120	110	159	107	108	206
rs112766864|A/G	106	100	136	118	90	196
rs12288301|A/C	43	29	50	10	10	18
rs9895423|T/C	112	104	193	128	103	137
rs62062270|T/C	1906	1878	2261	1343	1366	1763
rs75013658|G/A	177	163	249	83	101	113
rs13384207|G/A	664	566	775	1291	1465	2004
rs548630|A/C	198	191	327	190	194	242
rs2696610|A/G	0	0	0	8	12	7
rs12441437|C/T	63	47	72	82	72	81
rs12985850|G/A	421	418	543	431	353	675
rs2382818|A/T	76	60	108	30	27	70
rs10756785|C/T	86	97	132	52	71	80
rs3091241|C/T	10	3	10	0	1	0
rs10407062|T/C	18	15	38	12	9	18
rs3744251|G/A	346	348	551	417	364	553
rs1620378|T/C	81	72	120	55	37	66
rs434598|G/A	488	436	614	299	267	361
rs7980606|A/G	16	11	23	32	59	73
rs79641193|A/G	8	3	15	0	1	0
rs7727562|C/G	539	398	619	521	541	629
rs7969486|T/C	176	160	213	167	150	171
rs12693959|C/T	34	46	37	0	0	0
rs112381903|A/T	50	60	87	89	82	125
rs9902472|C/A	88	69	129	48	56	54
rs62064436|C/T	10	9	29	24	24	29
rs5024618|A/G	27	25	36	77	66	126
rs34935520|G/A	155	169	179	216	209	296
rs112893440|G/A	58	48	78	40	20	43
rs6503712|T/C	74	64	85	157	138	275
rs6503713|T/C	3	0	2	23	21	41
rs72782294|C/G	10	3	21	13	16	16
rs10073706|T/A	361	348	589	600	666	923
rs2192945|C/T	210	210	310	55	63	84
rs11006924|G/C	28	29	68	2	0	0
rs113167821|T/A	620	549	660	941	819	1158
rs8032550|A/C	24	19	53	175	128	271
rs114748949|A/G	17	19	30	25	8	24
rs175047|C/G	7	10	10	12	16	18
rs385691|A/C	436	407	579	440	402	548
rs9877694|A/C	352	312	429	361	280	565
rs10854369|G/A	76	102	117	61	65	80
rs8072289|T/C	15	3	23	3	7	8
rs10772808|G/A	4429	4789	5694	3422	3724	4383
rs2454504|G/A	144	164	235	361	269	492
rs34762299|A/G	36	20	46	52	35	60
rs533657565|A/G	12	7	6	0	1	2
rs1811747|C/A	197	134	240	166	133	238
rs517854|T/C	1839	1872	2577	1925	1856	2583
rs11008222|G/A	1345	1494	2114	221	305	447
rs2830920|A/G	4	6	12	12	1	19
rs13035558|T/C	50	49	78	83	65	110
rs8101804|T/C	1685	1427	2633	705	599	1101
rs7117516|T/C	314	247	344	126	72	146
rs115947495|C/T	964	759	1175	401	358	588
rs62057109|T/C	77	59	98	115	107	189
rs62057103|T/C	60	45	93	23	29	42
rs17763533|T/C	1169	1260	1866	902	862	1205
rs618617|T/C	87	56	73	367	310	488
rs55942528|A/G	485	437	619	1707	1918	2308
rs802838|T/C	30	19	37	25	21	20
rs547806241|C/T	9	9	25	15	9	30
rs17763086|T/G	126	196	242	408	347	561
rs7721287|A/G	27	24	30	50	50	51
rs10765572|T/C	73	52	85	52	56	75
rs62162674|G/C	316	230	422	114	105	166
rs62162671|C/T	223	191	314	188	194	318
rs3019199|G/A	1162	915	1589	989	1095	1301
rs175037|T/C	297	281	391	227	203	320
rs73161759|T/C	10	18	14	12	18	38
rs111287200|C/A	409	439	522	364	450	460
rs62061848|C/T	11	15	20	14	3	11
rs6000906|G/A	96	96	150	1036	975	1285
rs2413489|G/C	51	56	52	26	25	31
rs80257979|T/G	66	47	86	42	27	41
rs1989565|G/A	618	623	717	329	396	418
rs72660304|G/A	31	45	40	27	27	52
rs16967620|G/T	1	4	12	9	6	8
rs12530176|G/T	285	265	361	183	216	300
rs12081206|G/C	6516	7581	9656	3178	3362	4353
rs752508|G/A	101	132	202	300	306	433
rs17105613|T/C	100	81	111	69	40	71
rs11670562|T/C	10	30	19	129	137	213
rs11726660|G/A	395	348	499	376	348	473
rs7403271|A/G	51	55	37	34	42	56
rs13361840|A/G	2	4	4	5	5	3
rs73059317|C/T	33	13	41	46	27	32
rs11774363|C/T	4	1	3	5	6	4
rs28484623|C/A	1151	1172	1764	760	883	1115
rs9323868|T/A	21	32	54	33	33	49
rs9425592|A/G	94	88	79	224	187	191
rs10737476|G/A	18	10	29	16	15	31
rs544997299|G/T	9	4	13	7	4	12
rs4660732|C/T	78	73	93	1	4	3
rs62233158|G/C	181	199	286	230	190	298
rs73333635|C/G	2	3	2	26	20	32
rs112751772|G/T	410	348	612	392	292	434
rs9402305|C/A	4	1	1	6	2	10
rs1945120|G/A	28	37	71	43	46	49
rs12158096|G/A	424	353	655	274	226	440
rs1245088|A/G	46	16	37	59	46	103
rs539073154|A/C	82	61	121	73	100	104
rs1716182|A/C	246	221	294	255	243	400
rs2003507|C/T	2597	2514	3872	2210	2176	3029
rs10132969|T/A	127	106	206	46	40	78
rs9796949|G/A	406	395	667	227	177	285
rs9375703|T/G	107	75	199	150	118	224
rs7919498|C/T	2779	2672	3777	2019	1944	2576
rs1716169|A/T	57	41	59	14	10	21
rs10089696|C/A	72	44	110	89	67	116
rs6504357|G/A	2385	2557	3485	810	800	1004
rs6504353|T/C	38	32	45	67	54	74
rs6800383|C/T	161	122	157	118	179	213
rs2732626|A/G	272	298	372	83	86	101
rs2316951|G/C	0	1	0	5	4	8
rs34032619|G/A	184	169	259	1068	997	1462
rs1389541|G/T	114	118	147	155	108	233
rs6916024|G/A	6	2	9	6	26	21
rs2040844|A/C	26	26	33	203	230	243
rs2040845|G/C	55	53	60	83	75	105
rs4444170|T/C	75	59	86	41	12	20
rs112902525|C/T	336	337	367	263	195	353
rs28412686|C/T	132	106	175	48	31	79
rs2278257|G/C	457	427	569	447	333	485
rs79065019|T/C	23	40	55	34	36	25
rs76492694|G/A	421	350	537	177	153	226
rs566831243|T/G	52	25	28	10	7	21
rs10099032|C/G	11	14	21	8	13	17
rs6944|C/T	0	1	0	11	11	15
rs4925129|A/G	45	78	81	117	67	127
rs2007981|C/A	404	403	536	421	489	537
rs4793022|G/C	16	5	28	0	0	2
rs62456952|G/A	33	27	57	15	10	32
rs4674279|G/A	27	18	26	247	201	382
rs2732712|T/G	93	126	188	111	88	118
rs9616843|T/C	423	367	550	682	678	877
rs12263723|A/G	264	279	458	207	205	249
rs59137598|A/C	167	156	189	419	431	576
rs12049914|C/G	1600	1036	1772	375	340	472
rs6476428|T/C	3	7	13	8	15	21
rs12591754|A/G	4163	3172	5527	591	469	761
rs6517522|T/C	157	157	247	254	294	331
rs117573122|G/C	31	25	47	20	16	34
rs17706401|A/G	40	24	62	6	13	12
rs2696264|G/A	366	363	486	337	280	416
rs117490084|G/C	10	5	10	20	23	25
rs9909922|T/C	40	45	72	199	145	201
rs62091222|C/A	12	8	19	24	12	24
rs7038680|G/A	0	0	0	17	11	17
rs8139641|G/A	269	332	467	420	415	681
rs7503221|C/A	106	90	134	32	16	30
rs12941500|T/G	102	77	132	141	120	154
rs547291419|T/C	3	1	3	8	4	12
rs2588828|G/A	49	28	65	35	43	43
rs681553|C/T	37	52	41	45	31	57
rs4783745|A/G	8	5	8	2	3	4
rs4134038|G/A	192	145	262	106	165	174
rs246561|C/G	106	86	117	160	148	189
rs4654799|T/G	46	54	58	75	52	84
rs919814|T/C	571	300	628	361	276	567
rs4783748|A/G	3	1	1	9	21	41
rs56391641|G/A	8	12	16	3	0	0
rs681485|C/A	595	463	658	573	556	679
rs11247596|A/G	17	10	19	10	11	7
rs2440123|T/C	11772	12141	16456	3667	4046	5538
rs8024631|C/T	32	26	51	11	7	18
rs1155043|A/G	31	23	52	1	0	0
rs113319329|A/T	44	40	58	90	68	126
rs249401|C/T	94	96	143	95	63	126
rs249402|C/T	3	3	4	8	1	12
rs9921222|C/T	437	405	740	157	123	174
rs35135622|T/A	77	66	108	4	8	10
rs10408945|G/T	237	201	344	682	599	823
rs4842698|G/A	25	15	24	18	20	26
rs556952432|C/T	412	338	583	100	132	126
rs2169751|G/C	17	18	23	8	18	29
rs12956326|A/C	10	4	10	17	23	21
rs7224599|A/G	313	279	504	446	388	618
rs11006931|A/G	1750	1587	2916	2212	2166	3380
rs11006930|G/A	27	13	48	23	10	15
rs62071573|C/T	2759	2622	3459	1319	1330	1841
rs3759994|A/G	249	350	483	446	496	569
rs6007594|G/A	1456	1309	1880	2165	2051	2843
rs894737|A/C	1612	1615	2460	2560	2597	3647
rs6898651|T/C	45	32	67	101	88	133
rs62057064|C/T	2252	2123	2735	1754	1735	2480
rs62057067|C/T	37	50	94	188	182	319
rs62057063|C/T	11	17	16	21	18	42
rs10202251|C/T	9	2	10	12	8	16
rs2059237|A/G	9	9	19	14	9	4
rs28473508|G/A	58	62	67	24	23	41
rs17334919|C/T	574	615	912	872	771	1157
rs79252344|A/G	94	96	106	223	193	317
rs7873145|C/T	13	8	25	21	21	25
rs112750178|T/C	797	761	1317	778	613	1121
rs9911991|G/C	302	245	369	132	116	172
rs6493015|G/T	4	0	1	13	14	23
rs17100298|A/C	19	8	14	5	6	20
rs17760050|A/T	14	13	16	17	14	22
rs8070722|C/T	1007	1014	1458	1083	929	1484
rs62057111|A/G	67	98	149	142	115	174
rs6142137|T/C	159	100	181	122	116	209
rs12945508|G/T	246	194	301	287	303	469
rs61843571|T/C	8	10	21	24	18	34
rs143413855|G/A	8	14	21	26	25	33
rs1470580|T/A	51	34	81	57	73	56
rs647483|C/T	232	228	326	35	66	77
rs8043881|C/T	237	253	458	262	345	351
rs1894590|G/A	248	195	403	112	76	138
rs12150438|C/T	7	4	4	14	7	23
rs4747464|T/C	75	75	123	86	50	71
rs62060856|A/C	71	71	83	3	10	0
rs10236571|A/G	242	169	338	257	209	261
rs76664639|G/A	110	104	115	79	111	136
rs12911270|C/T	8	6	8	4	5	8
rs28626081|C/G	231	188	366	393	385	489
rs72796139|A/G	47	32	50	34	22	60
rs77288448|C/T	2	3	5	1	1	5
rs9379129|G/A	296	347	437	372	425	517
rs1371048|G/T	10	7	21	13	4	8
rs10042132|C/T	79	61	102	59	35	71
rs12596362|C/T	1203	865	1309	2274	1825	2809
rs11626787|A/G	7	2	9	36	20	37
rs55975204|C/T	6	10	16	6	8	26
rs11846704|C/T	16	8	21	17	9	8
rs9606727|G/T	105	106	98	59	50	96
rs17688249|C/T	37	44	73	53	38	75
rs3891815|T/C	210	196	275	221	187	337
rs79553110|A/G	85	39	78	31	30	31
rs551312659|A/G	62	34	81	5	11	6
rs11704000|C/T	14	14	34	19	11	17
rs1024743|A/C	13	8	19	28	18	44
rs3753250|G/A	3	4	7	0	0	0
rs28595855|C/A	1	0	0	5	5	14
rs7222696|G/A	42	43	45	9	9	27
rs79256915|G/A	6	23	23	8	13	11
rs57813069|C/T	909	951	1398	917	911	1390
rs9622830|C/G	53	46	75	487	495	694
rs9357303|T/C	50	50	52	15	17	44
rs1277930|G/A	195	202	281	28	28	43
rs6470158|G/T	10	21	36	14	13	13
rs7213935|G/A	61	86	108	47	47	91
rs74932341|C/T	154	158	229	152	133	258
rs71457117|A/G	11	22	28	8	5	20
rs78103988|C/T	10	18	20	70	54	76
rs566214080|T/C	13	14	18	8	8	11
rs12150542|G/A	10	28	10	29	40	69
rs6559969|T/G	43	20	35	23	15	25
rs9893168|T/C	146	127	183	129	131	276
rs10115421|G/T	57	54	98	75	64	103
rs7181543|C/T	1143	1190	1670	463	434	777
rs6006426|G/A	58	44	80	67	55	63
rs7256899|C/G	79	43	72	19	16	12
rs2053206|A/G	680	742	1023	503	667	791
rs10508734|T/C	18	15	27	3	7	4
rs56026232|A/C	106	127	116	104	73	117
rs141755090|G/T	56	46	85	5	1	4
rs147178596|T/C	3	3	6	22	20	40
rs13031047|A/G	2542	2359	3494	4359	4567	6210
rs78496390|G/A	409	436	566	1621	1481	2072
rs116327279|A/G	72	86	131	73	97	116
rs148528915|C/T	213	143	224	90	86	150
rs7290958|A/T	389	302	482	564	531	779
rs1518460|A/G	717	735	1109	1409	1189	1993
rs9303489|T/C	10	6	8	11	5	18
rs3901638|A/G	697	686	1063	1379	1255	1757
rs7585687|C/G	55	40	74	49	45	73
rs7214273|C/A	259	239	268	396	292	527
rs4968054|C/T	156	156	260	281	318	502
rs2040611|T/G	9	9	11	21	18	17
rs6928920|C/A	523	502	767	342	279	384
rs2040612|G/T	174	153	240	87	108	179
rs6698682|T/G	0	0	0	30	12	28
rs8064638|G/A	78	54	105	19	17	31
rs4758965|C/T	54	44	66	19	29	50
rs573536609|G/A	21	18	52	44	38	61
rs180712105|T/A	231	193	285	180	170	230
rs9284362|A/G	11	5	11	28	33	32
rs73122210|A/C	43	24	59	57	59	108
rs4964497|T/G	70	86	110	64	46	99
rs754133|G/A	153	154	200	165	145	212
rs553616014|T/C	47	41	72	101	99	144
rs80346216|G/T	902	870	1266	192	124	193
rs3896066|A/G	73	45	79	51	31	48
rs2334095|T/A	75	80	109	138	108	192
rs6966840|A/G	12	11	16	0	0	0
rs2139060|A/T	5	6	16	24	23	24
rs12602034|C/T	1	0	1	84	81	110
rs556968294|A/G	44	30	53	114	87	152
rs1113136|A/G	36	46	63	42	44	67
rs118187252|C/A	69	54	96	6	1	2
rs544272461|T/C	38	37	46	20	22	25
rs9972947|G/A	88	87	113	11	2	8
rs798562|C/T	170	157	244	182	211	266
rs1857115|T/C	1	3	0	14	9	1
rs11675489|A/G	60	68	87	16	13	42
rs147901986|G/A	225	179	286	131	87	199
rs3088225|A/G	1699	1515	2683	2918	2397	3947
rs11654292|T/C	11	9	25	5	8	19
rs113146341|C/T	6	10	13	0	0	0
rs368328|G/A	403	428	545	310	327	409
rs10774438|C/T	39	57	47	71	59	83
rs10947223|G/A	625	602	894	149	154	269
rs139496|T/G	71	68	90	102	75	152
rs115379382|T/C	23	11	31	7	5	15
rs67408364|A/G	9	8	24	16	9	14
rs12623849|T/C	16	16	18	36	18	35
rs11628213|A/C	79	76	111	15	10	29
rs55865707|T/G	58	36	74	94	56	71
rs17101510|C/T	8	6	15	76	77	101
rs79815757|T/C	0	0	2	9	10	5
rs4970486|C/T	24	29	50	19	17	20
rs8025621|A/G	4	1	7	34	33	46
rs2526021|G/A	334	302	399	286	245	423
rs2526020|G/T	93	60	96	37	32	49
rs11851038|T/G	12	9	18	10	5	20
rs2526022|C/T	10	6	28	101	116	129
rs136197|A/G	109	150	220	70	64	85
rs13019636|A/G	22	32	40	18	34	31
rs12603100|T/G	4190	4122	6004	3644	3704	5046
rs533085454|G/A	9	16	31	59	45	69
rs3848649|C/G	171	145	207	69	58	115
rs6431541|A/T	40	49	93	89	89	134
rs57222984|A/G	1	2	0	10	16	33
rs4703939|G/T	2	4	3	5	6	5
rs7097132|A/G	19	9	28	43	22	63
rs139802722|G/A	7	10	8	12	11	17
rs115992891|G/T	24	29	54	27	21	39
rs78976959|G/A	15	8	16	6	10	12
rs116419116|G/A	35	33	72	78	58	105
rs73086421|A/C	2	7	6	20	22	43
rs529311580|A/G	7	6	20	10	6	13
rs28683528|C/T	31	15	30	19	9	34
rs113614909|C/T	67	52	54	40	29	81
rs7131767|A/G	7	24	18	29	34	80
rs4325274|C/G	599	505	725	154	175	274
rs139326808|G/C	19	8	12	12	6	1
rs1709106|A/G	1486	1386	2036	554	730	983
rs62038775|A/G	35	31	74	68	46	104
rs726547|G/A	10	3	5	0	1	0
rs5769748|A/G	373	332	398	494	435	752
rs5769749|A/G	146	149	272	19	7	8
rs4894192|G/C	176	176	297	209	252	363
rs4881483|T/C	84	66	101	55	25	47
rs10795071|A/G	59	55	121	106	102	125
rs581694|T/C	23	18	17	7	6	18
rs12592786|C/G	0	0	0	13	5	12
rs73008195|T/C	18	23	30	15	14	20
rs533125554|T/G	23	30	40	36	17	19
rs56312530|G/A	0	0	2	4	2	9
rs131659|A/G	106	90	133	125	165	175
rs131657|T/A	44	40	50	36	37	56
rs3209593|T/C	8	11	16	17	23	19
rs4513138|G/A	35	37	86	22	41	49
rs16940674|C/T	1394	1220	1965	845	866	1221
rs78292716|A/G	184	209	240	27	34	52
rs10788270|T/C	15	14	29	21	28	42
rs408315|A/G	1634	1524	2190	1412	1269	1860
rs13034579|G/T	114	96	112	74	80	88
rs74655177|C/T	4192	4564	5797	1264	1386	1923
rs35298716|T/C	257	197	308	179	97	187
rs67237947|C/T	174	167	259	115	155	203
rs880886|A/G	185	149	199	74	89	94
rs16967609|C/T	37	34	52	11	18	27
rs56329743|G/A	23	23	63	11	12	44
rs17671091|C/T	43	32	59	40	35	61
rs2045465|A/G	2	1	17	10	17	21
rs2332323|C/T	521	509	706	679	641	927
rs7919817|G/A	145	109	149	19	17	19
rs12994568|G/C	30	20	40	17	5	22
rs10459081|A/T	19	10	18	18	13	24
rs552185305|C/G	52	31	87	12	6	17
rs7790569|G/A	19	12	25	10	6	7
rs2920414|G/A	353	275	338	209	156	223
rs11055266|G/T	1134	1210	2047	1158	972	1409
rs10783617|G/T	26	37	55	29	33	58
rs56358776|G/A	95	124	161	418	374	631
rs78733883|G/A	9	6	13	23	11	20
rs2378023|G/A	177	142	181	399	404	444
rs12315795|G/T	492	388	637	314	294	452
rs4372836|T/C	98	109	94	154	152	167
rs2641444|T/C	31	34	43	33	25	48
rs35142762|T/C	521	504	783	1781	1973	2590
rs1881107|A/G	6	8	12	49	40	58
rs4349189|C/A	63	70	112	124	95	175
rs10426392|C/T	218	203	374	163	142	239
rs4580536|A/G	30	12	40	24	17	18
rs56209428|G/A	295	268	426	147	139	226
rs6537335|C/T	18	10	14	86	69	98
rs12340332|A/T	145	120	155	54	45	78
rs10408290|C/T	776	798	1268	1079	1038	1682
rs10457487|C/A	26	26	29	13	5	15
rs28536201|C/T	93	87	112	60	41	78
rs9431593|T/A	458	443	557	402	411	601
rs11650127|G/A	555	530	863	40	43	35
rs149504726|G/A	63	71	77	57	61	92
rs1739814|A/C	907	830	1245	96	87	88
rs35027767|G/T	7	6	13	3	4	11
rs1739812|C/A	72	96	104	46	25	54
rs6779640|A/G	1117	1254	1802	619	576	872
rs2296175|G/A	62	54	86	74	52	85
rs975020|G/A	25	37	73	53	48	71
rs71351760|A/G	52	37	61	74	41	58
rs35405743|G/A	119	103	155	39	24	61
rs7259041|T/C	103	92	144	75	55	80
rs314371|C/T	86	54	93	46	26	58
rs1739815|A/T	195	206	242	196	184	243
rs74754758|T/C	2	3	2	15	12	21
rs61931202|T/G	9	5	12	27	16	43
rs79406732|C/T	13	8	29	14	16	24
rs12659143|T/C	45	50	66	47	33	82
rs7952251|G/A	36	27	43	69	52	101
rs9332407|T/C	40	35	54	50	38	78
rs61806090|A/G	358	377	593	552	459	642
rs6854555|C/A	146	109	207	62	50	53
rs78274380|C/A	0	0	1	20	14	28
rs12941363|C/A	3	12	3	27	11	43
rs56406311|C/T	1748	2067	2935	2620	2529	3555
rs73883312|C/T	631	538	765	499	514	706
rs138865002|G/C	5	8	11	10	9	11
rs74253440|G/C	18	15	15	77	74	113
rs3768299|G/A	15	7	17	5	5	13
rs17404452|G/C	553	518	821	341	364	380
rs1237278|C/T	10	1	10	25	13	35
rs7734258|A/T	10	3	18	7	4	9
rs144680237|C/T	82	82	126	72	48	88
rs1703494|T/G	1708	1485	2186	1964	1924	2921
rs61775245|A/G	316	253	416	223	169	349
rs61775244|A/T	219	158	297	277	210	350
rs534963106|A/G	146	96	164	25	35	53
rs77752170|T/G	48	72	90	42	56	69
rs9425299|C/T	128	121	126	93	43	97
rs75607314|C/A	26	26	31	28	26	34
rs35158772|T/C	25	27	30	26	24	36
rs5757227|A/G	357	380	407	485	388	533
rs569087361|T/G	685	629	893	860	642	1001
rs12441199|C/G	15	9	15	13	12	15
rs4482394|C/T	13	12	21	6	6	13
rs2588808|A/G	15	5	11	17	6	8
rs11883999|A/G	82	102	145	81	77	137
rs938295|C/T	1159	836	1169	966	723	1250
rs12213392|T/C	39	40	78	32	63	83
rs35775485|G/T	131	173	169	248	202	344
rs10887751|T/C	10	7	10	4	3	6
rs10887750|A/G	13	18	14	43	21	66
rs554944034|C/G	21	27	28	6	9	5
rs2392524|T/G	23	34	42	14	20	37
rs2142494|A/G	1195	1134	1950	1264	1199	1832
rs115375898|G/C	36	29	48	18	13	21
rs77328429|G/A	479	534	743	239	225	337
rs4757428|T/C	18	23	51	31	57	70
rs10859534|G/A	135	108	175	85	71	84
rs3824930|C/T	40	31	56	24	31	23
rs12889639|G/A	101	112	173	339	313	506
rs7583681|G/A	54	24	80	46	41	54
rs62406070|G/C	17	16	23	10	12	29
rs2118610|T/C	258	215	348	204	145	247
rs2665213|T/G	47	33	53	219	160	228
rs12474408|G/A	161	92	178	98	68	134
rs76450091|T/C	55	60	70	16	21	18
rs12912192|G/A	269	323	599	22	22	33
rs1061247|A/C	20	29	54	44	41	65
rs12512757|T/A	16	10	36	9	9	23
rs2546983|C/T	352	389	379	145	154	208
rs17625419|G/A	9	1	1	4	3	14
rs12226585|A/T	190	201	288	122	88	188
rs266590|A/G	37	31	60	18	23	26
rs62054818|A/C	265	258	399	205	125	170
rs143225572|G/C	26	18	30	8	3	6
rs62054811|C/G	33	43	79	13	10	11
rs118077148|A/G	0	0	1	13	14	27
rs487857|G/A	145	167	207	12	29	15
rs12444273|C/T	814	831	1048	876	805	1177
rs5024796|T/C	20	31	40	11	13	29
rs562481792|C/T	332	343	476	857	788	1213
rs11590058|C/T	18	4	18	3	23	28
rs112411928|C/G	12	11	18	10	12	23
rs393838|G/C	156	113	189	86	69	129
rs1964242|G/A	3	2	6	2	3	8
rs114867631|C/A	28	15	32	11	25	38
rs8077194|A/G	9	16	21	245	233	288
rs7287818|C/T	59	61	86	104	76	102
rs2029041|G/A	134	138	214	74	63	88
rs7854512|A/G	555	577	782	701	766	1028
rs56362513|T/C	27	11	24	26	42	13
rs7760701|T/G	35	24	71	23	21	31
rs11083616|G/A	37	56	66	67	61	89
rs17035910|C/G	53	43	63	41	62	61
rs131665|A/G	75	53	63	22	20	19
rs13362283|A/C	11	13	25	5	19	16
rs4969183|A/G	263	275	401	68	80	81
rs56033872|C/A	163	136	244	185	200	368
rs555485669|A/G	59	37	65	46	24	42
rs2532277|T/C	33	37	47	58	30	80
rs56227067|A/T	19	27	50	12	21	28
rs75486935|G/A	7	9	3	11	15	27
rs12679075|A/T	12	7	5	5	9	6
rs12978098|G/T	20	9	38	6	12	11
rs535910576|G/C	337	299	483	65	52	76
rs1415700|G/A	222	182	262	112	86	176
rs10146335|G/A	476	474	657	189	235	374
rs76147580|T/C	25	21	10	83	84	94
rs722526|A/C	59	47	90	53	38	49
rs6120775|T/C	320	255	448	147	150	223
rs543087623|C/T	19	23	27	7	10	35
rs72860660|A/G	328	286	462	349	278	471
rs144505362|T/G	128	139	172	73	53	85
rs34374223|C/G	4	3	8	1042	936	1368
rs17660065|T/C	10	2	15	5	4	6
rs2532387|G/T	13	10	29	10	5	11
rs73401450|G/C	486	583	687	294	294	465
rs11768933|C/T	290	290	371	238	202	286
rs6724482|A/C	262	293	435	358	291	429
rs2235810|G/A	788	829	1287	1827	1788	2284
rs4764128|G/A	4	5	0	17	18	53
rs7209564|C/T	23	16	25	24	21	39
rs10193383|C/T	7	2	10	2	3	7
rs556290186|T/A	836	667	966	563	364	632
rs7134656|T/A	1420	1355	1980	747	620	953
rs56254732|C/T	33	22	38	27	16	42
rs1679072|T/C	183	168	199	524	565	705
rs2251618|A/G	102	90	122	55	60	107
rs35717723|A/C	178	180	212	509	563	782
rs7412132|A/G	8	5	4	15	9	26
rs28372855|G/C	1318	1057	1698	560	459	844
rs12568613|C/A	518	563	733	456	428	693
rs998584|C/A	1157	1205	1420	963	960	1221
rs114390486|A/G	9	13	35	29	33	59
rs12254098|T/G	1852	1757	2605	773	693	1084
rs4734429|C/T	70	70	116	56	47	84
rs10761318|G/C	16	15	15	27	18	27
rs429955|G/A	175	165	249	106	103	140
rs12873915|T/C	90	65	126	64	70	155
rs2279335|C/T	148	75	146	226	213	290
rs7809835|T/C	68	65	76	45	60	123
rs574482777|C/T	110	72	108	102	87	131
rs11202526|C/T	308	305	398	471	487	674
rs2851435|G/A	5	4	22	8	7	7
rs11202525|T/A	1066	920	1546	265	298	388
rs4793018|C/T	361	380	458	520	487	767
rs41284744|T/G	25	27	43	23	9	15
rs75722486|C/T	12	9	4	21	13	53
rs534615982|A/G	1	4	4	10	11	13
rs3768469|G/A	23	22	28	14	21	33
rs10471946|T/G	9	5	7	11	16	12
rs12198505|T/C	12	14	16	10	3	16
rs7020300|A/G	66	81	96	22	11	6
rs6468694|G/A	642	558	912	692	650	872
rs118133366|C/T	2	4	6	0	2	5
rs12985258|T/C	1830	1617	2362	820	740	1119
rs543821315|G/T	24	14	32	9	9	9
rs538694593|A/T	11	18	26	31	25	42
rs34282253|A/G	146	126	254	318	230	308
rs11042116|G/C	33	15	38	5	9	6
rs2072931|G/T	184	149	331	79	46	90
rs391338|G/A	58	44	67	47	31	71
rs77389198|C/T	244	277	510	213	206	295
rs5757215|T/G	121	95	154	75	73	86
rs56225285|A/G	313	248	408	395	314	543
rs2252694|C/T	410	362	623	355	297	479
rs2452578|A/G	1	1	3	13	13	20
rs2696430|G/C	7	11	15	36	20	20
rs17573509|G/A	205	196	288	39	21	62
rs45548131|G/A	52	50	41	54	50	81
rs71484446|A/G	37	57	60	160	133	237
rs59762075|T/C	434	343	568	516	487	636
rs62089573|A/G	2613	2371	3620	2424	1976	3594
rs565678019|C/T	227	207	377	337	317	503
rs62064388|T/C	14	1	12	72	35	95
rs9299599|T/C	1023	988	1545	2428	2689	3212
rs10514897|A/G	1913	2015	3160	2915	3041	4550
rs11079810|C/T	37	19	33	16	9	18
rs2526000|C/T	95	101	159	243	261	363
rs759068|G/A	181	154	260	1629	1578	2095
rs891004|G/A	10	24	30	5	4	17
rs6884981|A/G	127	166	244	121	137	184
rs219789|G/A	185	159	253	198	214	276
rs12346647|T/C	560	567	658	731	645	1033
rs571944974|A/G	67	53	107	156	198	274
rs4785686|A/C	112	76	101	64	43	50
rs7778320|T/G	9	5	8	9	20	55
rs113775842|T/C	197	214	333	1963	1837	2853
rs567996834|C/T	8	8	4	1	0	0
rs62063262|T/C	80	94	92	98	101	131
rs759604|T/G	992	939	1482	736	805	1251
rs146119925|A/G	272	254	356	927	918	1264
rs8081273|C/T	121	96	176	332	339	525
rs7198940|C/T	700	698	822	528	494	561
rs77664841|C/T	226	253	314	168	173	238
rs5770967|A/G	519	622	779	661	741	936
rs12271856|G/T	1	0	2	17	25	30
rs4704041|G/A	34	34	34	13	11	29
rs59278606|G/A	427	409	666	192	180	184
rs4514918|T/C	849	859	1179	615	637	953
rs4514917|T/C	73	75	151	124	118	138
rs62057146|A/G	515	457	661	488	474	694
rs72791025|G/T	28	31	64	68	72	105
rs17690176|A/C	130	84	127	163	160	323
rs556215035|T/G	80	62	97	59	46	55
rs62421090|G/A	6	2	11	53	26	78
rs12707227|G/A	12	3	10	2	0	6
rs17670862|C/T	80	79	128	44	33	34
rs11080007|C/T	3	2	6	0	1	2
rs115328599|C/T	49	47	60	11	13	40
rs764982|G/A	1	4	0	17	21	21
rs3818806|G/A	123	131	160	305	318	515
rs6707848|T/C	4	4	7	6	3	7
rs789711|G/T	18	27	32	56	46	88
rs7307097|A/G	4	12	13	32	20	55
rs1171554|G/A	27	13	30	18	11	42
rs61597284|G/A	133	95	191	125	148	194
rs1391903|C/G	72	76	142	101	86	202
rs12406632|T/C	9	2	8	9	3	7
rs4808735|T/G	79	76	123	81	120	167
rs10876528|C/A	16	27	18	5	9	15
rs140613174|C/T	12	19	27	24	34	33
rs11191189|A/G	190	166	286	287	279	418
rs2532395|C/T	32	14	34	6	14	9
rs71490390|A/G	5	9	14	6	7	8
rs56026876|G/C	8	2	0	4	5	21
rs566037900|A/G	194	159	198	172	179	194
rs2485270|C/T	480	435	869	1418	1208	2106
rs10747660|C/G	38	31	62	14	17	17
rs10747662|A/T	50	32	88	50	43	27
rs112275277|C/T	111	95	144	333	237	397
rs116259937|C/T	50	28	63	298	320	432
rs7222646|C/T	1046	943	1378	1321	1207	1654
rs544990728|T/G	26	24	23	7	6	7
rs12738340|C/A	41	26	38	0	0	0
rs570399582|T/C	35	55	68	2	1	0
rs73490587|C/G	582	619	820	583	595	753
rs116949045|A/T	56	41	95	39	23	50
rs4962694|G/T	25	21	28	16	16	19
rs62061809|T/C	17	11	17	19	23	49
rs7744830|T/G	35	24	44	16	15	28
rs149585413|C/T	72	63	129	33	23	29
rs11701760|G/A	773	762	1009	601	568	787
rs3997520|A/G	41	49	48	77	45	86
rs533534846|C/T	465	441	702	588	611	825
rs2521205|G/T	67	84	103	132	117	154
rs2793120|C/T	97	82	121	113	112	134
rs140489|G/A	17	12	28	3	3	11
rs2530394|C/T	48	61	88	26	30	24
rs55646970|A/G	155	122	204	92	66	127
rs55660209|A/G	286	304	464	930	1017	1374
rs10077980|C/T	11	30	33	11	13	35
rs8087237|C/A	65	45	91	48	52	80
rs16824587|C/T	3	3	9	0	0	0
rs12611275|G/A	1658	1779	2656	484	558	791
rs7600657|A/G	8	7	18	31	33	37
rs72780120|T/A	10	8	25	28	23	39
rs7546500|T/G	42	41	64	298	322	495
rs2741856|G/C	114	183	215	154	141	177
rs546997548|A/G	897	877	1279	753	751	948
rs11202530|G/A	2138	2065	3069	341	335	484
rs74851347|C/A	40	41	72	75	75	142
rs139846|T/C	375	394	552	732	560	833
rs61192303|T/C	116	94	115	60	71	97
rs62054762|G/T	96	120	149	86	61	108
rs62054760|C/T	678	651	923	455	513	645
rs55974014|C/A	849	781	1214	618	540	894
rs573087816|G/T	5	1	0	17	12	26
rs4316515|A/T	615	574	904	492	464	497
rs74647007|A/G	36	28	65	53	58	86
rs11869403|T/C	57	65	70	97	128	92
rs9747347|T/C	47	42	77	59	45	57
rs3764570|A/G	314	329	487	457	434	614
rs35258987|A/C	27	30	71	62	76	137
rs17571809|A/G	127	121	179	96	66	137
rs60902169|G/A	2266	1736	2834	1984	1382	2635
rs145055888|T/G	1002	904	1541	1035	917	1302
rs13389286|C/T	16	12	14	10	8	20
rs35435148|G/A	80	110	167	24	29	57
rs6580942|C/A	204	114	196	190	189	275
rs1569068|G/A	107	133	161	282	294	364
rs12078572|A/T	337	326	435	61	67	109
rs73719804|G/A	87	67	120	32	34	55
rs570639864|G/A	641	590	832	60	33	35
rs258888|T/A	7	5	6	48	30	49
rs910536|G/C	60	40	69	28	36	54
rs12459847|G/C	177	205	300	121	152	235
rs62055707|T/C	33	34	50	76	67	139
rs62055704|G/A	17	23	21	12	6	18
rs1583970|C/T	18	12	24	20	5	16
rs55946741|A/G	30	12	40	36	26	57
rs56225815|C/G	3	1	1	21	13	30
rs7257485|C/G	320	268	489	48	41	53
rs6503692|G/A	6	7	6	23	24	30
rs2869824|T/C	197	115	305	174	170	246
rs350214|C/T	68	47	104	163	163	220
rs350216|A/G	704	637	952	1278	1211	1836
rs2711287|A/G	35	42	76	107	83	161
rs726731|G/A	57	37	43	62	58	50
rs10461366|T/C	8	15	27	0	1	5
rs34575622|A/G	43	33	80	56	62	49
rs62054381|A/G	51	34	67	0	0	0
rs55933304|G/A	385	382	518	444	386	656
rs73057386|C/T	1116	1082	1610	350	272	471
rs1806980|T/G	23	37	29	48	38	85
rs11057204|T/C	62	103	161	21	56	76
rs4640348|T/C	12	8	17	4	3	4
rs17761124|A/T	289	278	420	466	376	709
rs2007928|G/A	102	133	153	200	166	227
rs28617748|A/T	11	11	14	11	17	21
rs13419021|G/C	3	5	14	5	4	3
rs738278|G/A	174	202	262	154	116	195
rs3760456|C/T	377	444	650	277	294	397
rs4919561|G/A	8	7	16	5	4	16
rs62064395|A/C	578	545	815	444	454	586
rs78320072|G/A	1654	1624	2364	1398	1251	1856
rs132528|C/T	25	13	22	32	17	37
rs132529|A/G	139	116	142	177	117	225
rs694273|C/T	99	97	154	272	274	389
rs7220398|T/A	248	257	402	290	244	239
rs35279560|G/T	321	329	413	195	202	305
rs17563501|C/T	98	105	192	195	181	240
rs6786649|C/A	144	92	157	129	81	125
rs78137867|C/T	556	498	918	1027	947	1281
rs1183347|T/C	60	52	58	66	61	99
rs11586731|C/G	158	216	274	248	222	437
rs34005963|G/A	70	42	89	61	35	50
rs62063277|T/A	15	15	22	34	29	45
rs62063276|T/G	16	3	8	103	89	127
rs7857306|A/G	3	15	14	16	9	18
rs55996632|C/T	28	24	29	12	9	25
rs11601197|G/C	85	66	126	39	36	50
rs12459067|T/C	1291	1145	1817	2138	2075	3304
rs7579277|G/A	329	288	506	135	124	180
rs61783376|T/C	79	94	124	141	142	216
rs10141433|A/G	231	166	227	107	103	167
rs4238831|G/A	773	745	988	956	876	1381
rs7715368|T/C	39	27	47	56	58	68
rs8073220|C/T	15	16	18	7	12	11
rs10835155|C/T	124	106	159	119	112	194
rs1872992|A/G	1	3	4	25	23	31
rs2873268|G/A	3499	3338	4748	2744	2878	3717
rs10054063|A/T	45	57	70	118	116	197
rs593720|G/T	71	62	92	21	22	53
rs9961220|G/T	21	29	45	5	14	10
rs2039830|C/G	1	5	0	15	6	26
rs58368296|G/T	615	615	896	661	568	798
rs10071617|G/A	36	38	48	113	81	159
rs2510773|G/A	123	99	163	35	40	52
rs76475191|T/A	104	82	147	91	95	142
rs7763108|G/T	52	50	53	74	80	94
rs557435762|C/T	15	12	8	10	7	11
rs111468472|G/A	40	42	69	44	33	68
rs11670739|T/C	0	0	0	14	23	27
rs2278258|T/C	303	261	402	340	239	449
rs12594948|T/C	65	57	92	60	50	97
rs6920486|G/A	3	1	2	4	5	7
rs12888965|C/T	204	211	353	185	227	355
rs113955100|A/C	1756	1813	2494	1081	1115	1538
rs114482768|C/T	20	26	35	1	3	9
rs7181724|A/G	6	6	6	45	35	81
rs73719806|G/T	23	10	33	43	27	34
rs62060810|A/G	75	73	84	24	20	27
rs527778993|G/A	153	128	190	70	54	95
rs11601792|A/G	0	0	0	44	20	56
rs73719809|A/C	89	143	161	270	276	462
rs13284388|G/T	22	30	41	2	2	1
rs7772990|C/T	1	1	2	10	6	8
rs12369462|T/C	368	309	440	595	492	892
rs8045523|G/A	93	94	104	85	78	110
rs17577369|A/G	78	66	114	7	4	15
rs7965999|A/G	11	9	10	6	1	4
rs4339481|A/T	123	98	131	72	63	127
rs1426385|A/G	6	4	8	9	14	20
rs10489290|C/A	85	86	120	39	28	56
rs10489291|T/C	21	13	35	16	22	12
