GWAS	gene	gene_name	pvalue	n	n_indep	p_i_best	t_i_best	p_i_worst	t_i_worst	eigen_max	eigen_min	eigen_min_kept	z_min	z_max	z_mean	z_sd	tmi	status	bonferroni
AJHG2018-TBBMD	ENSG00000091831.22	ESR1	7.17305693782504e-18	20	6	1.83200055849737e-12	Artery_Coronary	0.137999985513015	Testis	12.6796309739615	1.41173277138101e-17	0.555920588173553	-7.04670810699463	5.86423778533936	0.112289589643479	2.71943488607305	6	0	2.802e-13
AJHG2018-TBBMD	ENSG00000166949.15	SMAD3	6.59149114814184e-15	47	9	3.77199841739403e-13	Heart_Left_Ventricle	0.905211349556963	Brain_Spinal_cord_cervical_c-1	21.2789875527002	1.80741649081343e-15	0.79951813985271	-3.7694616317749	7.26350021362305	0.49095627913848	2.56298066681682	9	0	2.575e-10
AJHG2018-TBBMD	ENSG00000163064.6	EN1	1.44076017175562e-12	15	5	2.03852804929638e-10	Brain_Cerebellar_Hemisphere	0.446899990159657	Adipose_Subcutaneous	8.71715398894423	2.2774538940921e-18	0.627961435759864	-1.90983063178358	6.3584099699559	1.59616961790539	1.96155858049464	5	0	5.629e-08
AJHG2018-TBBMD	ENSG00000110693.17	SOX6	3.05103555781546e-11	44	6	1.24499910133034e-09	Brain_Cerebellum	0.689996591545914	Skin_Sun_Exposed_Lower_leg	22.7885618421763	7.14280901862093e-16	0.882974794788836	-6.07433843612671	1.10526434750901	-1.88472428108727	3.09039330416262	6	0	1.192e-06
AJHG2018-TBBMD	ENSG00000006377.10	DLX6	7.08321715462402e-10	26	5	6.74400741065554e-10	Breast_Mammary_Tissue	0.775400008440758	Artery_Aorta	17.3645127125544	1.5229296526809e-15	0.731022200584076	-4.87249088287353	6.17197990417481	0.423210596286458	2.88236598734908	5	0	2.767e-05
AJHG2018-TBBMD	ENSG00000124813.20	RUNX2	8.18040711295538e-10	21	6	3.75900124243541e-06	Pituitary	0.85998796144904	Brain_Spinal_cord_cervical_c-1	13.2567674196332	8.28914998255821e-18	0.508021051318126	-4.62428092956543	2.41419553756714	0.863399558305211	2.2552672016462	6	0	3.196e-05
AJHG2018-TBBMD	ENSG00000072310.16	SREBF1	1.18065749507561e-09	38	1	4.07388723034713e-10	Artery_Tibial	0.00481900152596551	Skin_Sun_Exposed_Lower_leg	36.1887062083361	7.68008473518475e-16	36.1887062083361	-6.08373520815748	6.25117015838623	5.27784686379785	2.75670565566495	1	0	4.613e-05
AJHG2018-TBBMD	ENSG00000105880.4	DLX5	1.86586398958283e-08	37	5	4.73280407890598e-09	Breast_Mammary_Tissue	0.933803668611921	Stomach	27.369824025367	2.53912944598197e-15	0.974738020530284	-4.12848325750232	5.85630439946438	-0.999214779671594	1.99490170384525	5	0	0.000729
AJHG2018-TBBMD	ENSG00000025434.18	NR1H3	2.23714651057675e-07	49	4	4.39439122456792e-06	Pancreas	0.829208522114684	Artery_Aorta	33.7145067665323	7.27661191750755e-16	2.00685007319902	-4.59180012608559	4.1372952117986	0.0561356658354027	1.88489521506238	4	0	0.00874
AJHG2018-TBBMD	ENSG00000120693.13	SMAD9	4.00315816606366e-07	49	4	5.4713432778116e-09	Heart_Left_Ventricle	0.848940076510157	Kidney_Cortex	37.8465162659277	3.67116979643559e-15	1.32377135174905	-5.83216299313212	2.09412132303644	-3.51987086913263	1.86293001847344	4	0	0.01564
AJHG2018-TBBMD	ENSG00000177374.12	HIC1	9.64527415178386e-07	7	3	3.19999811962984e-08	Whole_Blood	0.176199997172024	Brain_Cerebellar_Hemisphere	4.23101758138287	1.35162039750833e-16	0.6340757112631	-5.53012657165527	5.53012657165527	1.53450700435954	4.33387098276155	3	0	0.03768
GEFOS_2015_FNBMD	ENSG00000110693.17	SOX6	7.7269352646804e-09	44	6	0.000814183172926512	Stomach	0.877352576432419	Brain_Hippocampus	22.7885618421763	7.14280901862093e-16	0.882974794788836	-3.3479274673674	2.93869590725722	-0.245774013911496	2.29945330117556	6	0	0.0003019
GEFOS_2015_LSBMD	ENSG00000197757.7	HOXC6	5.16812265200102e-10	14	4	3.23000086663054e-11	Artery_Aorta	0.360370474637459	Esophagus_Gastroesophageal_Junction	8.3212404479961	3.0167704146206e-17	0.451104104230897	-6.58826351165771	6.63568449020386	0.597009655075156	4.98581830275679	4	0	2.019e-05
GEFOS_2015_LSBMD	ENSG00000172789.3	HOXC5	3.73326949738944e-09	24	5	2.26000116892849e-10	Muscle_Skeletal	0.701884007438096	Nerve_Tibial	17.7850800533248	2.02024065951187e-17	0.743274836768232	-6.34254503250122	4.2686879307975	-0.770912410222751	3.00708638301865	5	0	0.0001459
GEFOS_2015_LSBMD	ENSG00000037965.5	HOXC8	8.94404600327116e-09	16	4	2.44999810031251e-11	Cells_Cultured_fibroblasts	0.964834000894821	Ovary	10.4780141897156	1.38158730953114e-18	0.838577072260306	-6.67633008956909	3.66021871566772	0.856522438197583	2.67605676150304	4	0	0.0003494
GEFOS_2015_LSBMD	ENSG00000180818.4	HOXC10	1.56309731810977e-08	11	4	2.26000116892843e-10	Skin_Not_Sun_Exposed_Suprapubic	0.811745307046485	Adipose_Visceral_Omentum	8.01021575195263	1.52941224664699e-21	0.655352911740856	-6.34254503250122	0.394319713115692	-0.933572178075057	1.99032116348119	4	0	0.0006107
GEFOS_2015_LSBMD	ENSG00000198353.7	HOXC4	3.22679421105765e-08	29	3	1.19565489512694e-09	Brain_Frontal_Cortex_BA9	0.874257994414007	Ovary	19.1432418214348	4.63373637746826e-16	3.10911989999533	-6.0808253288269	6.08082532882691	-0.782357783471966	3.05245889255535	3	0	0.001261
GEFOS_2015_LSBMD	ENSG00000091831.22	ESR1	4.07234389156264e-07	20	6	8.60000336974886e-05	Kidney_Cortex	0.941929997185194	Brain_Cerebellar_Hemisphere	12.6796309739615	1.41173277138101e-17	0.555920588173553	-3.24246621131897	3.92703342437744	-0.0711903780698775	1.5279698094818	6	0	0.01591
NG2018-eBMD	ENSG00000091831.22	ESR1	1.73736957355996e-292	20	6	2.20004924067783e-176	Artery_Coronary	0.680000000640971	Testis	12.6796309739615	1.41173277138101e-17	0.555920588173553	-28.3159332275391	19.3536243438721	0.653399249911309	10.3851537690402	6	0	6.788e-288
NG2018-eBMD	ENSG00000124813.20	RUNX2	1.27566674887391e-159	21	6	7.50011903530458e-134	Esophagus_Gastroesophageal_Junction	0.00100000036609286	Heart_Atrial_Appendage	13.2567674196332	8.28914998255821e-18	0.508021051318126	-24.6211471557617	4.09619283676148	-5.23010638510893	6.96292475994745	6	0	4.984e-155
NG2018-eBMD	ENSG00000163064.6	EN1	9.93890868131949e-153	15	5	2.80195303520616e-117	Brain_Cerebellar_Hemisphere	0.812311585220893	Brain_Cerebellum	8.71715398894423	2.2774538940921e-18	0.627961435759864	-16.935079979522	23.0220770694234	1.96782964814154	10.2442711178616	5	0	3.883e-148
NG2018-eBMD	ENSG00000131668.13	BARX1	1.62924073452163e-71	15	4	3.09489354588718e-69	Colon_Transverse	0.0400000062534686	Brain_Nucleus_accumbens_basal_ganglia	11.5561835387134	5.83466121971088e-17	0.513961457843753	-17.5870665799574	6.6988959312439	-8.8251439311013	6.2813552132048	4	0	6.365e-67
NG2018-eBMD	ENSG00000171056.7	SOX7	1.76435875364934e-71	27	7	2.69998174640152e-46	Brain_Frontal_Cortex_BA9	0.969999999547715	Breast_Mammary_Tissue	13.0920415435954	8.82988227985628e-16	0.813242079788726	-14.2853631973267	13.1208848953247	-3.24564479266304	8.79624680542179	7	0	6.893e-67
NG2018-eBMD	ENSG00000067955.13	CBFB	1.05779306681707e-63	49	2	1.49999494719945e-44	Artery_Tibial	0.713457565993076	Adipose_Subcutaneous	44.7554287301363	4.20922049860718e-15	3.81196654771375	-6.25290966033936	14.0027284622192	12.1752901486611	5.1037778726585	2	0	4.133e-59
NG2018-eBMD	ENSG00000106511.5	MEOX2	5.3591732568545e-63	43	6	5.48907717477705e-57	Brain_Hippocampus	0.239999981104839	Adipose_Subcutaneous	25.1939330860479	2.46602662653707e-15	0.929311844314488	-15.9089912677224	15.8928709030151	-2.73078387044869	6.90077531724554	6	0	2.094e-58
NG2018-eBMD	ENSG00000006377.10	DLX6	1.65062630541194e-53	26	5	2.40000241438599e-32	Breast_Mammary_Tissue	0.335393599537734	Skin_Sun_Exposed_Lower_leg	17.3645127125544	1.5229296526809e-15	0.731022200584076	-7.98545932769775	11.8408527374268	0.711785651481291	5.44546375965211	5	0	6.449e-49
NG2018-eBMD	ENSG00000148737.16	TCF7L2	5.46077154760331e-49	15	8	9.60003030456414e-40	Cells_Cultured_fibroblasts	0.82716084693394	Esophagus_Mucosa	8.75172922446982	3.3860910965932e-17	0.346848142915053	-13.1932163238525	6.84970951080322	1.74060381835582	6.21667323530641	8	0	2.133e-44
NG2018-eBMD	ENSG00000253293.4	HOXA10	8.87819425716459e-49	10	6	3.90000805728262e-30	Adrenal_Gland	0.13000000626664	Colon_Sigmoid	5.65537696789332	5.24164808055681e-17	0.19415759929419	-11.4060592651367	5.36596982641818	-2.09458023766551	5.40353959440955	6	0	3.469e-44
NG2018-eBMD	ENSG00000177374.12	HIC1	2.40869521581437e-43	7	3	5.84849972132472e-33	Testis	8.20000885077453e-14	Cells_Cultured_fibroblasts	4.23101758138287	1.35162039750833e-16	0.6340757112631	-10.7054147720337	11.958678854186	6.44851918059853	7.78787417101977	3	0	9.41e-39
NG2018-eBMD	ENSG00000173039.18	RELA	2.46656577609852e-43	34	5	1.40000593106298e-30	Brain_Amygdala	0.910000000601017	Brain_Cortex	23.8517939676022	5.69122622276772e-16	1.06323236718648	-3.30013990402222	11.4948644638062	-1.22070144601825	4.15425581806574	5	0	9.636e-39
NG2018-eBMD	ENSG00000166949.15	SMAD3	4.35745805698534e-42	47	9	3.77837464400964e-19	Testis	0.925523912012258	Pituitary	21.2789875527002	1.80741649081343e-15	0.79951813985271	-7.65062808990479	8.94326523627824	-0.933401794341317	4.63689034917111	9	0	1.702e-37
NG2018-eBMD	ENSG00000110693.17	SOX6	2.71161399660516e-41	44	6	3.19999300695925e-34	Adipose_Subcutaneous	0.951319176074027	Kidney_Cortex	22.7885618421763	7.14280901862093e-16	0.882974794788836	-12.1976308822632	2.98648258868153	-3.26432598433834	6.43139127363909	6	0	1.059e-36
NG2018-eBMD	ENSG00000172818.9	OVOL1	2.64479983527289e-40	40	6	4.30875501504231e-30	Brain_Cortex	0.969999999547715	Adipose_Visceral_Omentum	14.6211963649766	5.76672465866189e-16	0.717189478726366	-10.2224585097808	11.3973833180254	3.95676155517431	6.46435090143453	6	0	1.033e-35
NG2018-eBMD	ENSG00000157554.18	ERG	1.60658684897687e-36	23	7	1.19999781200777e-41	Esophagus_Mucosa	0.840000000398616	Brain_Putamen_basal_ganglia	14.9939924063802	5.40027810776225e-19	0.846168578966274	-13.5194931030273	6.57093572616577	-1.50073459485303	7.14213568835691	7	0	6.277e-32
NG2018-eBMD	ENSG00000104447.12	TRPS1	1.70640670300572e-36	31	4	4.49999056221016e-27	Ovary	0.0400000062534686	Adipose_Visceral_Omentum	25.0644860319103	7.62687711544991e-16	0.994791891627387	-10.7753639221191	7.6152936705698	0.484802893681992	3.92260948732879	4	0	6.667e-32
NG2018-eBMD	ENSG00000105880.4	DLX5	2.08825646265027e-36	37	5	5.01278436382916e-28	Breast_Mammary_Tissue	0.42389373565785	Stomach	27.369824025367	2.53912944598197e-15	0.974738020530284	-6.13548465697088	10.9754998467968	-1.86934576111291	3.86815385450899	5	0	8.158e-32
NG2018-eBMD	ENSG00000123095.5	BHLHE41	8.48097238952328e-36	27	6	2.5999910676132e-39	Liver	0.770963675231543	Muscle_Skeletal	19.250693969964	1.5168967191931e-15	0.781369996666569	-3.29052662849426	13.1179122924805	-0.378214419570269	4.45325002795115	6	0	3.313e-31
NG2018-eBMD	ENSG00000136574.17	GATA4	7.57913963560422e-34	3	3	3.60001473239039e-34	Heart_Left_Ventricle	0.0150000021224948	Pancreas	1.11047093870175	0.892004039819016	0.892004039819016	-3.427889585495	12.1880340576172	3.73084115982056	7.88852145702519	3	0	2.961e-29
NG2018-eBMD	ENSG00000078399.17	HOXA9	1.21588546125228e-33	22	5	2.49999909312741e-22	Breast_Mammary_Tissue	0.917902406280166	Artery_Coronary	14.4160580996877	1.25912973788478e-18	0.973525490538186	-6.66761159896851	9.71909236907959	3.33936905524591	3.53222728513927	5	0	4.75e-29
NG2018-eBMD	ENSG00000092607.13	TBX15	1.27271296324892e-33	34	4	1.26939696949518e-27	Breast_Mammary_Tissue	0.673274233516314	Adrenal_Gland	21.0301010320155	7.48622339213338e-16	0.754559442508065	-6.86887047994272	10.8912118973158	1.77035271455813	5.75808418521655	4	0	4.972e-29
NG2018-eBMD	ENSG00000100219.16	XBP1	1.68649273647598e-33	49	4	3.36185964186323e-31	Muscle_Skeletal	0.190077165341599	Esophagus_Mucosa	25.4027500412627	5.84960491610215e-16	3.43959313013101	-3.59126774894786	11.6174068350791	7.71865855435877	3.65488126614251	4	0	6.589e-29
NG2018-eBMD	ENSG00000176692.5	FOXC2	1.67043394016309e-29	15	15	1.7000036021851e-21	Cells_Cultured_fibroblasts	0.680000000640971	Breast_Mammary_Tissue	3.22419823932455	0.110352146128824	0.110352146128824	-2.90266680717468	9.52192497253418	1.6203329952465	2.71196126213542	15	0	6.526e-25
NG2018-eBMD	ENSG00000025434.18	NR1H3	1.02889569013833e-28	49	4	3.9336250615013e-32	Prostate	0.833345399444086	Esophagus_Mucosa	33.7145067665323	7.27661191750755e-16	2.00685007319902	-11.2530131363254	11.7993447444571	7.41015622256612	5.45613046138117	4	0	4.02e-24
NG2018-eBMD	ENSG00000116809.11	ZBTB17	3.9734035783297e-28	23	3	2.99999651920312e-30	Breast_Mammary_Tissue	0.100214290435047	Artery_Tibial	18.6127212347507	3.98748364458324e-18	1.05297992897212	-11.4288663864136	4.8112359046936	-3.65817760510372	3.98022635042434	3	0	1.552e-23
NG2018-eBMD	ENSG00000106004.4	HOXA5	3.93830826365844e-27	36	7	2.31037216782149e-21	Vagina	0.972362772098094	Artery_Aorta	14.7382295193676	7.39388745973726e-16	0.687517506679825	-8.40565728856397	9.4899986691332	0.993338679558828	5.53630031392223	7	0	1.539e-22
NG2018-eBMD	ENSG00000105997.22	HOXA3	7.83224764116615e-26	32	6	4.70000328755501e-24	Adrenal_Gland	0.833007768131922	Lung	15.9299589635736	3.97279855434186e-16	0.646077428536148	-10.1158332824707	10.1158332824707	-4.64146125900988	4.60481283508193	6	0	3.06e-21
NG2018-eBMD	ENSG00000125740.13	FOSB	3.11134604219796e-25	32	2	3.10000377840549e-25	Brain_Amygdala	0.00300100594282651	Artery_Aorta	29.0704129936478	9.08522738421421e-16	1.96309723457364	2.96763486673139	10.3786897659302	9.72438243621641	2.06905650912108	2	0	1.216e-20
NG2018-eBMD	ENSG00000102908.20	NFAT5	2.71408282774942e-23	35	9	3.19439885613069e-10	Brain_Cortex	1	Artery_Tibial	14.8959204258025	9.07600160049938e-16	0.777303356246892	-6.28903770446777	5.25255966186523	0.596638603044519	3.68464631579655	9	0	1.06e-18
NG2018-eBMD	ENSG00000205250.8	E2F4	3.06508320528798e-23	49	3	1.47587023119988e-17	Lung	0.271336136977644	Brain_Cerebellum	38.8984150064613	1.4011794317864e-15	1.56113572969622	-2.21151781082153	8.52902442836895	5.13862887038906	2.06105396873967	3	0	1.197e-18
NG2018-eBMD	ENSG00000106006.6	HOXA6	1.77020114592958e-22	28	6	5.75975059589769e-17	Muscle_Skeletal	0.257107038667122	Esophagus_Mucosa	13.7137594989426	3.18426043738352e-16	0.460320773221867	-6.15082805737331	8.3700423988311	-2.17282584693043	2.71434898913391	6	0	6.916e-18
NG2018-eBMD	ENSG00000129194.7	SOX15	1.77084543510612e-22	25	4	5.20000505821435e-11	Brain_Hypothalamus	0.429999993801473	Brain_Anterior_cingulate_cortex_BA24	12.9080165742875	5.16347183738516e-19	0.476437788371391	-2.54269886016846	6.56509399414062	2.5150699435257	2.30366161878987	4	0	6.918e-18
NG2018-eBMD	ENSG00000037965.5	HOXC8	1.97513114003338e-21	16	4	4.40000917240436e-16	Adipose_Subcutaneous	0.0479999948239664	Cells_Cultured_fibroblasts	10.4780141897156	1.38158730953114e-18	0.838577072260306	-7.5859808921814	8.12701225280762	-2.13749845139702	5.31319356182197	4	0	7.716e-17
NG2018-eBMD	ENSG00000122592.7	HOXA7	1.96967824171286e-19	28	5	2.16931616420805e-16	Esophagus_Mucosa	0.739999989804993	Thyroid	19.0874158163937	3.3371274464113e-16	0.813893577604698	-3.29052662849426	8.21233302113458	0.210899349746577	2.95100721998818	5	0	7.695e-15
NG2018-eBMD	ENSG00000184302.6	SIX6	2.71803735340168e-19	2	2	8.50002309549683e-17	Muscle_Skeletal	0.00319999952617063	Testis	1.12568413158297	0.874315868417032	0.874315868417032	-8.32406044006347	-2.94784259796143	-5.63595151901245	3.80156009328647	2	0	1.062e-14
NG2018-eBMD	ENSG00000113658.16	SMAD5	5.06375931143207e-19	48	4	7.69996927371598e-22	Artery_Tibial	0.879999994721675	Liver	34.3994342112859	9.95736242453586e-16	1.51832934720169	-9.60386753082276	6.14492750167847	-3.96888296790281	4.40283221060342	4	0	1.978e-14
NG2018-eBMD	ENSG00000008441.16	NFIX	5.4066107460318e-19	48	4	3.02186270779023e-15	Skin_Not_Sun_Exposed_Suprapubic	0.961692173752074	Breast_Mammary_Tissue	37.3667996850799	1.57852410742719e-15	2.14472065286182	-7.8900001096466	7.78448104858399	2.11340723856053	6.66776020403403	4	0	2.112e-14
NG2018-eBMD	ENSG00000137947.11	GTF2B	5.9281123307603e-19	17	4	2.49999279613303e-17	Prostate	0.929999997387962	Nerve_Tibial	9.31630373407333	3.92776208133452e-18	0.953512718556452	-8.28136539459229	8.46783351898193	3.74041974676006	5.09898929133924	4	0	2.316e-14
NG2018-eBMD	ENSG00000084093.16	REST	1.36794108581878e-18	41	4	4.39998724828224e-21	Artery_Tibial	0.475262517589748	Minor_Salivary_Gland	20.3045710258187	1.47941391581883e-15	2.83186590601484	-3.9187753200531	9.4226131439209	3.24323286386451	3.29947842958378	4	0	5.344e-14
NG2018-eBMD	ENSG00000176842.14	IRX5	3.56504209845075e-18	26	2	1.13531807349262e-18	Esophagus_Gastroesophageal_Junction	0.201031254871187	Muscle_Skeletal	16.0572265316674	3.88686519303081e-16	9.9427734683326	-8.82091141700074	8.12162017822266	-3.09957656343179	6.30522687826161	2	0	1.393e-13
NG2018-eBMD	ENSG00000204644.9	ZFP57	5.71840768170482e-18	40	3	3.8000109200608e-22	Cells_EBV-transformed_lymphocytes	0.407843429155089	Brain_Cortex	35.2200968402244	1.62514118732386e-15	1.18838036547472	-9.15035540899009	9.67636108398438	7.08236338986606	4.64346125839066	3	0	2.234e-13
NG2018-eBMD	ENSG00000189298.13	ZKSCAN3	6.67629420688704e-18	49	6	2.2754090898658e-13	Minor_Salivary_Gland	0.431946037826252	Kidney_Cortex	29.723272788868	2.91579272398165e-15	1.28530202054106	-7.33152939007108	7.05396301141661	-1.61873926503416	2.94247500252329	6	0	2.608e-13
NG2018-eBMD	ENSG00000122691.12	TWIST1	1.2306176270842e-17	8	7	1.45483063264122e-12	Artery_Tibial	0.356201323927966	Brain_Hippocampus	2.28283163897964	7.47811226636809e-17	0.12219957817788	-1.17498683929443	7.07872852440599	1.9484213515672	2.93713782437867	7	0	4.808e-13
NG2018-eBMD	ENSG00000126778.8	SIX1	2.84502510877403e-17	39	1	2.79999128413229e-17	Adipose_Visceral_Omentum	0.863756085232485	Artery_Tibial	38.0066097771624	7.46715949639855e-16	38.0066097771624	-8.45461940765381	8.45461940765381	7.80866393561532	2.98354157856378	1	0	1.111e-12
NG2018-eBMD	ENSG00000174282.11	ZBTB4	5.87310246982455e-17	49	3	5.40440407283023e-19	Skin_Sun_Exposed_Lower_leg	0.842739904871314	Thyroid	30.3391924015	4.98528643744858e-16	4.48271733148162	-8.90364101222784	2.40891551971436	-6.17733591903796	2.5967520051989	3	0	2.295e-12
NG2018-eBMD	ENSG00000082641.15	NFE2L1	9.75492745512674e-17	29	6	2.79657197941764e-17	Esophagus_Mucosa	0.910000000601017	Nerve_Tibial	14.2262873900539	3.6315161253113e-16	0.564488859672992	-8.45476199212966	7.6714973449707	0.263769832666933	4.45947127699538	6	0	3.811e-12
NG2018-eBMD	ENSG00000012048.20	BRCA1	1.96174821842325e-16	24	2	1.78900953760482e-13	Brain_Cerebellum	0.000210000078649581	Esophagus_Mucosa	22.1502328413387	1.38788754639409e-17	1.17870283482893	-6.1878252029419	7.36368546065273	2.38683787368097	4.40400070784747	2	0	7.664e-12
NG2018-eBMD	ENSG00000101412.12	E2F1	2.13445844453097e-16	45	4	2.59915563625162e-18	Brain_Cortex	0.410000013453806	Artery_Coronary	24.7714835191641	5.53123228448274e-16	3.46692182155317	-8.72769495573765	8.35983354200805	-1.89663220904179	4.12676269596439	4	0	8.339e-12
NG2018-eBMD	ENSG00000121075.9	TBX4	3.14006610917717e-16	3	3	3.70000054917507e-10	Adipose_Visceral_Omentum	0.0269999998869183	Skin_Not_Sun_Exposed_Suprapubic	1.20495584693722	0.781069418174643	0.781069418174643	-5.46542692184448	6.26618528366089	-0.470253149668375	6.0565405307177	3	0	1.227e-11
NG2018-eBMD	ENSG00000108001.13	EBF3	3.14852521561041e-16	30	6	7.99836023420481e-12	Brain_Cerebellum	0.370000008467643	Artery_Coronary	17.0986862601191	7.45145273436864e-16	0.822135812004665	-4.00093394866316	6.83857712131945	2.21459796226476	2.34922828946771	6	0	1.23e-11
NG2018-eBMD	ENSG00000075426.11	FOSL2	1.12355411895505e-15	20	7	1.19999822665112e-16	Kidney_Cortex	0.939999999276279	Adipose_Visceral_Omentum	8.53355466626854	9.530167387762e-18	0.775909754200053	-8.28310966491699	2.22621178627014	-1.18122500777245	2.18883185461732	7	0	4.39e-11
NG2018-eBMD	ENSG00000067082.14	KLF6	1.5007521175486e-15	20	6	2.55553617158794e-13	Nerve_Tibial	1	Lung	8.53061092033996	3.48284070714499e-18	0.907412175875874	-2.4837691783905	7.31595693478617	2.07693417509231	3.25297474024649	6	0	5.863e-11
NG2018-eBMD	ENSG00000170345.9	FOS	1.53999186471689e-15	45	7	7.47434616638197e-12	Small_Intestine_Terminal_Ileum	0.708840796374871	Artery_Tibial	25.7274442121079	8.12585903545988e-16	0.930957225230705	-4.06515789031983	6.84827943424804	-0.599650313252698	1.87293145021706	7	0	6.016e-11
NG2018-eBMD	ENSG00000069011.15	PITX1	1.78109834156844e-15	45	5	6.94340536276874e-16	Brain_Substantia_nigra	0.743300729416289	Skin_Sun_Exposed_Lower_leg	24.3721493814839	7.65918819831473e-16	0.886596522367208	-8.07150996598437	8.00445175170899	-1.30365075090251	4.54391282937144	5	0	6.958e-11
NG2018-eBMD	ENSG00000141568.20	FOXK2	2.07091988574957e-15	37	10	2.36384721639106e-10	Esophagus_Mucosa	0.938730220328538	Ovary	13.864875050883	6.06730501811638e-16	0.506600448011518	-6.33562262529267	5.87178375542453	0.589198919648494	2.81731122457784	10	0	8.091e-11
NG2018-eBMD	ENSG00000061455.10	PRDM6	5.89791996504556e-15	44	9	7.67548069822588e-12	Esophagus_Muscularis	0.991285702166215	Testis	15.35881877577	6.08440502966037e-16	0.831702450382202	-6.84447879185218	4.47837248667974	0.388280478416021	2.88686252312986	9	0	2.304e-10
NG2018-eBMD	ENSG00000132170.19	PPARG	7.46838176629605e-15	43	4	2.79999771663706e-06	Ovary	0.789347572155572	Small_Intestine_Terminal_Ileum	30.2238374485436	1.58014771149565e-15	1.08434689343198	-4.68497085571289	2.68041072238671	0.558615334298247	2.69028485298992	4	0	2.918e-10
NG2018-eBMD	ENSG00000123268.8	ATF1	8.07215911538192e-15	47	3	9.50043678303293e-17	Colon_Transverse	0.770298560414431	Cells_Cultured_fibroblasts	31.025396744527	7.03441038196418e-16	2.33910573132459	-8.31086823905563	8.11119358662507	-4.82061903154922	4.77201936595401	3	0	3.154e-10
NG2018-eBMD	ENSG00000179111.8	HES7	8.97650930601244e-15	42	6	3.60001167918406e-17	Brain_Anterior_cingulate_cortex_BA24	0.999217867040133	Cells_Cultured_fibroblasts	21.4380761922838	3.06352261021804e-16	0.793073594037709	-1.72447121143341	8.42524337768555	1.32368048090574	1.57182453405054	6	0	3.507e-10
NG2018-eBMD	ENSG00000188786.9	MTF1	9.15289401153871e-15	43	4	3.12749533363306e-18	Cells_Cultured_fibroblasts	0.939999999276279	Brain_Nucleus_accumbens_basal_ganglia	21.5830914655653	1.59498151148104e-15	2.44449229167659	-0.0752698630094528	8.70673631074166	3.74793385222172	3.33068185884547	4	0	3.576e-10
NG2018-eBMD	ENSG00000100968.13	NFATC4	9.34722841657422e-15	42	6	1.67796886610528e-19	Cells_Cultured_fibroblasts	0.702198143344301	Adipose_Visceral_Omentum	21.0529258518477	4.86168162891116e-16	1.15389707679629	-1.42265733314608	9.032498000372	3.53115529667031	3.0030250153929	6	0	3.652e-10
NG2018-eBMD	ENSG00000173068.17	BNC2	5.1950488958883e-14	39	8	6.2017850230025e-12	Muscle_Skeletal	0.929999997387962	Brain_Frontal_Cortex_BA9	21.0063213565167	2.9357828519683e-16	0.878704134055363	-6.87493564454601	6.68558740615845	-1.86266247722454	3.67244528416531	8	0	2.03e-09
NG2018-eBMD	ENSG00000235109.7	ZSCAN31	6.51583515111162e-14	46	3	2.80000034881228e-08	Whole_Blood	0.982860347922957	Ovary	37.6185619628779	1.38393741592092e-15	1.32893277030754	-5.55350351333618	4.70842778014379	2.52552912630877	1.74106901888011	3	0	2.546e-09
NG2018-eBMD	ENSG00000176678.5	FOXL1	1.1188321584882e-13	33	6	4.22154341743528e-15	Adrenal_Gland	0.458769194818522	Brain_Cerebellar_Hemisphere	18.8127229163757	1.82828902917786e-15	0.716494305252521	-3.44079852104187	7.84816922449489	1.74427664141007	3.0169827664958	6	0	4.371e-09
NG2018-eBMD	ENSG00000172059.10	KLF11	1.22043635327295e-13	42	8	2.64995427457814e-16	Brain_Hypothalamus	0.976739396544753	Skin_Sun_Exposed_Lower_leg	13.3339425510559	9.46874097790939e-16	0.694993703356588	-8.18827561276608	7.92951679229736	-1.43223886268415	3.87545294308418	8	0	4.768e-09
NG2018-eBMD	ENSG00000180806.4	HOXC9	1.74075757102834e-13	17	3	1.99999546438869e-17	Nerve_Tibial	0.0719999914023512	Kidney_Cortex	14.7364083362739	3.9142648447603e-17	0.827757359309664	-8.49379348754883	-1.79911816120148	-7.00432366705584	1.88667024944853	3	0	6.801e-09
NG2018-eBMD	ENSG00000135111.15	TBX3	1.91311186661892e-13	10	7	8.20002830689252e-16	Skin_Sun_Exposed_Lower_leg	0.99000000030512	Pancreas	3.23931931488518	6.9636193072447e-17	0.149294658063289	-8.05117893218994	3.00129294395447	-1.91818230471685	3.80684401464124	7	0	7.474e-09
NG2018-eBMD	ENSG00000090447.11	TFAP4	2.12508908815394e-13	14	4	2.30000192419996e-11	Brain_Nucleus_accumbens_basal_ganglia	0.300000023490669	Adrenal_Gland	9.91506925155458	1.00195696529458e-17	0.344382617106597	-6.68558740615845	6.68558740615845	3.46678774543156	5.31933796824407	4	0	8.302e-09
NG2018-eBMD	ENSG00000131196.17	NFATC1	3.8018813166002e-13	29	7	1.40842274883714e-16	Brain_Cortex	0.609999981770324	Adrenal_Gland	14.0494195970934	4.618192409537e-16	0.733995803685128	-8.26402400271182	7.90404272079468	-0.0857467949232564	5.18442381799301	7	0	1.485e-08
NG2018-eBMD	ENSG00000164920.9	OSR2	9.41882164313646e-13	36	3	1.69999777214331e-11	Adipose_Visceral_Omentum	0.475128115306792	Esophagus_Mucosa	29.7572315798262	9.50066133637449e-16	2.43339103339845	-6.72971153259277	6.72971153259277	4.32134527837463	4.48290201818525	3	0	3.68e-08
NG2018-eBMD	ENSG00000112033.13	PPARD	1.45504708501879e-12	47	3	4.17162497471731e-11	Artery_Coronary	0.00188336515070624	Skin_Sun_Exposed_Lower_leg	33.2527329264754	7.05573317427257e-16	3.62799628421826	-6.54373788833618	6.59785018133176	1.72682130159261	5.37247261044976	3	0	5.685e-08
NG2018-eBMD	ENSG00000170178.6	HOXD12	1.49999821892812e-12	1	1	1.49999821892811e-12	Vagina	1.49999821892811e-12	Vagina	1	1	1	7.07448959350586	7.07448959350586	7.07448959350586	NA	1	0	5.86e-08
NG2018-eBMD	ENSG00000197714.8	ZNF460	2.39882517140052e-12	15	4	8.79999828779148e-05	Artery_Aorta	0.0609999991464229	Lung	8.32147164917244	3.0405361678934e-18	0.545368129717061	-3.60679697990417	3.9214985370636	2.30874965190887	2.37648501906427	4	0	9.372e-08
NG2018-eBMD	ENSG00000105996.6	HOXA2	2.53268284109669e-12	7	4	3.00000090088664e-06	Colon_Sigmoid	0.33999998647729	Cells_Cultured_fibroblasts	5.11721613248096	1.314153849626e-18	0.19044049046827	-4.6708197593689	1.52082869027837	-0.328509689531524	2.38493808197111	4	0	9.895e-08
NG2018-eBMD	ENSG00000197576.13	HOXA4	4.34433081024568e-12	37	4	1.4138211287507e-12	Skin_Not_Sun_Exposed_Suprapubic	0.501111004381297	Colon_Sigmoid	24.3169855814638	9.73033646441296e-16	1.0705634787117	-7.08269059141662	1.51410186290741	-3.71056556095293	1.8422439622694	4	0	1.697e-07
NG2018-eBMD	ENSG00000120075.5	HOXB5	5.24586271916315e-12	32	3	8.49999195051702e-18	Esophagus_Muscularis	0.942527186508487	Testis	28.2962984141692	4.9531002226617e-16	1.0968741326729	-8.59263134002686	2.86273622512817	-0.160680975852319	1.76143864179568	3	0	2.049e-07
NG2018-eBMD	ENSG00000118922.17	KLF12	5.50987133365437e-12	30	8	5.4000136095487e-16	Whole_Blood	0.890000003329256	Lung	17.5942963608245	4.41916368451783e-16	0.664738435890649	-1.55477356910706	8.10214138031006	0.357776560412401	1.63205607546787	8	0	2.153e-07
NG2018-eBMD	ENSG00000065029.14	ZNF76	5.79024552481498e-12	18	2	1.9000025864961e-09	Esophagus_Mucosa	0.00493069501613132	Liver	16.6603889101467	2.54640357585993e-17	0.93937639199961	-2.81152701377869	6.00613307952881	4.65420656734043	2.24609380429504	2	0	2.262e-07
NG2018-eBMD	ENSG00000204060.6	FOXO6	5.93514359989589e-12	24	9	1.00000128223115e-10	Spleen	0.879999994721675	Brain_Nucleus_accumbens_basal_ganglia	8.40156460074791	1.41171069714916e-17	0.562814020904713	-6.4669508934021	2.40891551971436	0.507610859736025	1.86088407497577	9	0	2.319e-07
NG2018-eBMD	ENSG00000111424.10	VDR	7.8453740578832e-12	46	7	3.60000570094183e-13	Artery_Aorta	0.806467820562393	Testis	23.0232809832293	1.66142784435891e-15	1.2643631026759	-7.2698073387146	6.52708531787979	-1.65472437256877	3.20107888733549	7	0	3.065e-07
NG2018-eBMD	ENSG00000128713.13	HOXD11	1.45220489577735e-11	9	3	9.99999086240662e-08	Breast_Mammary_Tissue	0.140000013615074	Ovary	6.6398252979378	7.16989677840356e-18	0.82190170981437	-5.3267240524292	5.3267240524292	2.81355908988062	3.81354956166978	3	0	5.673e-07
NG2018-eBMD	ENSG00000123407.3	HOXC12	1.60898487985378e-11	9	4	3.07921971527758e-12	Testis	0.777206029119532	Cells_Cultured_fibroblasts	6.05427376129367	2.48005851398125e-18	0.352091226732335	-6.97406031230428	1.44781541824341	-0.14950346735636	2.89587873084336	4	0	6.286e-07
NG2018-eBMD	ENSG00000121068.13	TBX2	2.17228315846889e-11	48	2	6.27332554150454e-29	Nerve_Tibial	0.879322885686342	Spleen	38.4678648120793	5.8385920630933e-16	6.77342003749972	-5.93716096878052	11.161765450405	0.792454321759108	3.10881752426949	2	0	8.487e-07
NG2018-eBMD	ENSG00000053254.15	FOXN3	2.364832836066e-11	11	9	1.68999328828909e-05	Heart_Atrial_Appendage	1	Nerve_Tibial	3.36149365350391	3.32375477971847e-17	0.1307258204769	-4.19739723205566	4.30234573779781	0.257065032014593	2.90566368947665	9	0	9.239e-07
NG2018-eBMD	ENSG00000126603.8	GLIS2	2.89533600950663e-11	21	7	2.35778299249963e-12	Lung	0.470000004017645	Muscle_Skeletal	9.31447591156298	2.38626812196442e-18	0.657620203557109	-3.4621639184227	7.01149892807007	-0.685869180900568	2.90192692288271	7	0	1.131e-06
NG2018-eBMD	ENSG00000123388.4	HOXC11	3.32856978640344e-11	4	3	1.49999821892809e-12	Kidney_Cortex	0.0709999932981544	Skin_Not_Sun_Exposed_Suprapubic	3.12058894413706	0.0472798049865617	0.132698498624633	-7.07448959350586	5.79092454910278	-2.21939608454704	5.79215847283549	3	0	1.3e-06
NG2018-eBMD	ENSG00000173153.13	ESRRA	4.73125214470061e-11	5	3	1.20000094412314e-07	Colon_Sigmoid	0.979999999464697	Kidney_Cortex	3.15343388017264	4.55263119304007e-19	0.657972970335649	-5.29349565505982	4.99798536300659	-1.6938693344593	4.32519621441854	3	0	1.848e-06
NG2018-eBMD	ENSG00000126561.16	STAT5A	4.97886211938997e-11	7	3	1.10000083315298e-12	Adrenal_Gland	0.000129999952246078	Skin_Not_Sun_Exposed_Suprapubic	5.67996210048285	1.1793665835609e-16	0.302115080236623	-7.11737728118896	7.11737728118897	-2.63825385911124	5.941327738167	3	0	1.945e-06
NG2018-eBMD	ENSG00000007866.19	TEAD3	5.12911743397656e-11	24	5	2.69999820952446e-10	Adipose_Subcutaneous	0.926603914408374	Cells_Cultured_fibroblasts	10.3459504423608	1.17693982877689e-17	0.631017947862222	-6.31509256362915	3.66803161543036	-0.537935964697804	3.23355975709346	5	0	2.004e-06
NG2018-eBMD	ENSG00000173757.9	STAT5B	5.56922342948255e-11	47	2	1.80910539107674e-11	Spleen	0.252861689655415	Testis	39.3847581415583	6.65816410100292e-16	7.0084569298098	-1.27408800016361	6.72065414276311	3.42918286428262	2.2638930568658	2	0	2.176e-06
NG2018-eBMD	ENSG00000120693.13	SMAD9	6.35241724011267e-11	49	4	3.76651370467256e-14	Muscle_Skeletal	0.691017480890092	Skin_Not_Sun_Exposed_Suprapubic	37.8465162659277	3.67116979643559e-15	1.32377135174905	-7.56881248396143	3.49761215055097	-2.3313134088736	2.67034692590188	4	0	2.482e-06
NG2018-eBMD	ENSG00000152284.4	TCF7L1	6.72684360249447e-11	45	7	6.2999975576246e-12	Artery_Tibial	0.650903744382742	Muscle_Skeletal	28.4977450122999	1.49057349377291e-15	0.983379944291899	-6.87269544601441	1.5116281968799	-0.691340530594412	1.31627825931662	7	0	2.628e-06
NG2018-eBMD	ENSG00000137309.19	HMGA1	7.3172678391458e-11	14	2	8.02631435174088e-10	Lung	0.00601117980926733	Skin_Sun_Exposed_Lower_leg	9.24194247286363	2.65517652596734e-19	4.49771580604929	-6.14440631866455	6.14440631866455	2.92359866414751	4.55418556244438	2	0	2.859e-06
NG2018-eBMD	ENSG00000005102.12	MEOX1	1.22569698100284e-10	33	4	8.13300296561345e-13	Whole_Blood	1	Pituitary	16.7796983971064	7.4739393804389e-16	1.19596590869251	-7.15889486178169	4.11500679345298	1.60312720754392	2.78137495426223	4	0	4.789e-06
NG2018-eBMD	ENSG00000179772.7	FOXS1	1.50113388353234e-10	41	5	2.80000280999332e-12	Artery_Coronary	0.670000007622885	Brain_Nucleus_accumbens_basal_ganglia	25.0891382199143	2.05740021988494e-15	1.31808923542879	-6.98741340637207	6.98741340637207	1.41544689881613	5.36759815896635	5	0	5.865e-06
NG2018-eBMD	ENSG00000136944.17	LMX1B	1.81356258524982e-10	25	7	2.14697565320493e-14	Adipose_Visceral_Omentum	0.727543706885061	Brain_Spinal_cord_cervical_c-1	11.3791584218609	1.84405723448886e-17	0.4668690154263	-7.64150477384172	3.70499550381853	-0.418320291136186	3.62541162078915	7	0	7.085e-06
NG2018-eBMD	ENSG00000116017.10	ARID3A	2.2168914480153e-10	31	10	8.00000458444722e-10	Colon_Transverse	0.619999995000488	Brain_Spinal_cord_cervical_c-1	11.9421292075965	2.70944313753708e-16	0.479094748742486	-6.14492750167847	1.95147979259491	-3.01376835593504	2.84387985743992	9.99999999999999	0	8.661e-06
NG2018-eBMD	ENSG00000170166.5	HOXD4	3.17929273854824e-10	22	3	7.89999478130889e-10	Heart_Atrial_Appendage	0.864884278712984	Adipose_Visceral_Omentum	19.3231084740491	1.62020470928587e-17	0.995850245100604	-3.72502434390845	6.14692401885986	0.0471493701562613	2.15549822413343	3	0	1.242e-05
NG2018-eBMD	ENSG00000116132.11	PRRX1	3.86216175393035e-10	41	6	9.00001232260907e-10	Pancreas	0.99000000030512	Brain_Amygdala	22.8865495438035	1.79631357092988e-15	0.810156216198347	-3.77501201629639	6.12620449066162	1.27570014253717	2.99932192992798	6	0	1.509e-05
NG2018-eBMD	ENSG00000106571.12	GLI3	5.14395351964003e-10	44	8	2.34081225028401e-09	Nerve_Tibial	0.950000001576635	Brain_Hypothalamus	21.3696013000878	5.02808021420817e-16	0.823253442674099	-3.91862851131064	5.97219588566434	-1.15443014381792	1.78367761072008	8	0	2.01e-05
NG2018-eBMD	ENSG00000007968.6	E2F2	7.41123512256417e-10	15	5	1.90000093128359e-07	Pancreas	0.85999999809653	Colon_Sigmoid	8.18478729300753	1.63191651664154e-17	0.47837740183735	-5.20886421203613	2.40891551971436	-1.55644463894638	2.42749978931087	5	0	2.895e-05
NG2018-eBMD	ENSG00000131061.13	ZNF341	8.47005798464093e-10	47	2	2.03827782784939e-10	Liver	0.525924031128881	Brain_Frontal_Cortex_BA9	35.5245697294463	1.07546244782665e-15	10.6599992520972	-6.35842882980674	2.43237900733948	-4.40516698207813	3.11665454219267	2	0	3.309e-05
NG2018-eBMD	ENSG00000125945.14	ZNF436	1.00792597647224e-09	48	4	6.5677056996484e-10	Testis	0.879999994721675	Brain_Cortex	38.1334885544186	7.77762358305004e-16	2.10724487751663	-3.93345517159824	6.17616570319931	4.0509698689906	1.96000036856192	4	0	3.938e-05
NG2018-eBMD	ENSG00000140009.18	ESR2	1.37620735067872e-09	29	3	2.16099321538938e-10	Whole_Blood	0.080000003755592	Adipose_Visceral_Omentum	20.9392818416675	4.5413692517191e-16	0.997974349116316	-6.349440574646	4.30103778839111	-2.72547640485616	2.21041695248159	3	0	5.377e-05
NG2018-eBMD	ENSG00000196628.15	TCF4	1.84550176340536e-09	31	3	1.9234686830769e-09	Brain_Caudate_basal_ganglia	0.273782397697154	Brain_Amygdala	14.7576701818568	3.62644010298621e-16	4.33587450304197	-6.00414152914231	5.43761014938354	-1.04613613980087	4.04694372138278	3	0	7.21e-05
NG2018-eBMD	ENSG00000105610.4	KLF1	2.46513983475934e-09	8	3	0.000589999892537734	Breast_Mammary_Tissue	0.667346181861446	Muscle_Skeletal	6.04040643836524	5.46366512611048e-17	0.224295873788963	-2.60453128814697	3.43617033958435	0.163761772226064	2.79291119863997	3	0	9.631e-05
NG2018-eBMD	ENSG00000196812.4	ZSCAN16	2.54337451866675e-09	48	4	1.08284012630227e-10	Artery_Tibial	0.599999986413845	Kidney_Cortex	22.5591955729059	5.50642536189664e-16	2.18879597294003	-3.34595394134521	6.45490891254062	0.728441571093872	3.23695906269473	4	0	9.936e-05
NG2018-eBMD	ENSG00000107175.11	CREB3	2.60799085161602e-09	46	5	6.70000817644216e-07	Lung	0.632780335398112	Ovary	27.6156491945342	6.15044974855092e-16	1.41324200983842	-3.37965528242642	4.9698634147644	0.843332346218171	2.04784996876781	5	0	0.0001019
NG2018-eBMD	ENSG00000083812.11	ZNF324	4.99670642284383e-09	32	3	6.79999570172577e-08	Adrenal_Gland	0.939999999276279	Liver	21.9387892714734	5.96561427572424e-16	1.02028827837377	-0.628006041049957	5.3963770866394	2.17544847816211	2.82392146627452	3	0	0.0001952
NG2018-eBMD	ENSG00000146592.16	CREB5	5.12158447558306e-09	4	4	5.5999957802896e-10	Cells_Cultured_fibroblasts	0.950000001576635	Whole_Blood	1.39412983843961	0.622754224562279	0.622754224562279	-6.20129632949829	0.345125526189804	-1.40108639933169	3.20222387942256	4	0	0.0002001
NG2018-eBMD	ENSG00000148826.8	NKX6-2	5.62867804504814e-09	21	2	3.79999769028238e-11	Stomach	0.429999993801473	Brain_Cortex	18.4738257863573	2.21822669876882e-18	1.84904335223752	-6.61167335510254	-0.789191663265228	-1.50528889351965	1.47463984577863	2	0	0.0002199
NG2018-eBMD	ENSG00000263001.5	GTF2I	6.45925284402088e-09	48	2	3.17180464717192e-10	Esophagus_Muscularis	0.000690000098536127	Brain_Putamen_basal_ganglia	45.2797247876192	8.84918124021464e-16	1.77798952444915	-6.29013966955651	-3.39352202415466	-5.83984314868443	0.579554116522048	2	0	0.0002524
NG2018-eBMD	ENSG00000150347.14	ARID5B	7.14996974085434e-09	32	6	7.59999971376549e-10	Brain_Caudate_basal_ganglia	0.996637852901037	Prostate	17.1150015030546	8.63343303877118e-16	0.912792741043469	-6.15306425094605	2.58280754089356	-0.348863344866537	1.4400766646536	6	0	0.0002793
NG2018-eBMD	ENSG00000108788.11	MLX	8.97667723384807e-09	36	3	6.91724895696218e-18	Testis	0.972757789713393	Small_Intestine_Terminal_Ileum	27.3615357329764	7.38327777675744e-16	2.43578044924873	-1.37405651102419	8.61626676693401	0.569318132800817	2.49700042788748	3	0	0.0003507
NG2018-eBMD	ENSG00000066336.11	SPI1	9.437980331638e-09	45	3	6.88564641528749e-06	Vagina	0.460000006504713	Stomach	33.8423663611582	6.37480133664823e-16	1.15263520811762	-4.49719304821809	3.43488278997277	-0.611552614886032	1.80300377843412	3	0	0.0003687
NG2018-eBMD	ENSG00000198353.7	HOXC4	1.32385907619999e-08	29	3	6.00000219362233e-09	Spleen	0.87000000111524	Heart_Atrial_Appendage	19.1432418214348	4.63373637746826e-16	3.10911989999533	-5.81675767898559	2.05999994277954	-1.13649354808688	2.06565318940351	3	0	0.0005172
NG2018-eBMD	ENSG00000164916.10	FOXK1	1.3610350543712e-08	40	5	4.49999789356003e-08	Muscle_Skeletal	0.96038655178386	Heart_Left_Ventricle	30.1834114500426	2.01306751461041e-15	1.10634595813157	-4.56473651009215	5.4700140953064	-1.12407529475148	1.76804270180027	5	0	0.0005317
NG2018-eBMD	ENSG00000175879.8	HOXD8	1.72470088564674e-08	18	7	1.03761929467216e-07	Nerve_Tibial	0.85999999809653	Adipose_Visceral_Omentum	10.5115101442107	3.98967838038813e-18	0.894387204889535	-5.32000933211632	3.82645869255066	-0.925675066136356	3.74172579196398	7	0	0.0006738
NG2018-eBMD	ENSG00000128652.11	HOXD3	1.93003069575512e-08	34	7	4.70000244625282e-06	Spleen	0.619999995000488	Prostate	14.2122015712448	1.0105286316007e-15	0.768948152111178	-4.50793250570382	4.57775163650513	-1.0743392576868	2.68324691747284	7	0	0.000754
NG2018-eBMD	ENSG00000072736.18	NFATC3	2.09208435910428e-08	48	4	2.19999899069296e-06	Cells_EBV-transformed_lymphocytes	0.885609673685199	Heart_Left_Ventricle	32.5963526026895	5.8291348679306e-16	1.36105108788166	-4.73412704467773	2.87036371231079	-1.57528314221913	1.49030071423432	4	0	0.0008173
NG2018-eBMD	ENSG00000143355.15	LHX9	2.15624919400176e-08	3	3	5.79999723846571e-10	Testis	0.00920000205330173	Nerve_Tibial	2.00139675338507	0.332241137474724	0.332241137474724	-6.19577217102051	2.60453128814697	-2.51390147209167	4.57264892161587	3	0	0.0008424
NG2018-eBMD	ENSG00000185022.11	MAFF	2.25707157892766e-08	23	4	3.00000073127886e-09	Skin_Sun_Exposed_Lower_leg	0.919999998708424	Brain_Cerebellar_Hemisphere	11.5113204172031	4.95144087514005e-18	0.994723018133965	-2.2779905796051	5.93159818649292	1.08490938317252	1.68424204653525	4	0	0.0008818
NG2018-eBMD	ENSG00000167074.14	TEF	3.19113427806229e-08	15	1	6.09999743813598e-09	Cells_EBV-transformed_lymphocytes	0.00252520509101771	Artery_Aorta	14.0895492543951	2.67701046803406e-17	14.0895492543951	-5.51438570022583	5.81399297714233	4.60946317627431	2.8773825357519	1	0	0.001247
NG2018-eBMD	ENSG00000181690.7	PLAG1	3.53605789344955e-08	48	2	1.39999980811691e-09	Artery_Coronary	0.450000002391664	Skin_Sun_Exposed_Lower_leg	44.0323170205484	1.52069674660889e-15	3.71240307263484	-6.05547952651978	-0.755415022373199	-2.05288211221645	1.397795527681	2	0	0.001381
NG2018-eBMD	ENSG00000025156.12	HSF2	3.64753236056193e-08	46	5	1.00022874420064e-08	Skin_Not_Sun_Exposed_Suprapubic	0.764476300891433	Heart_Atrial_Appendage	29.8293069295562	7.84216045097552e-16	1.21461272468418	-5.73069007559839	1.65957486629486	-2.92195240537792	2.33584742478412	5	0	0.001425
NG2018-eBMD	ENSG00000172819.16	RARG	3.79405180629936e-08	3	2	5.69999302329399e-09	Cells_Cultured_fibroblasts	0.255064024767161	Esophagus_Mucosa	2.12977019971434	0.00625608414089194	0.863973716144773	1.13813521683036	5.82532978057861	2.70460479199826	2.70263401836046	2	0	0.001482
NG2018-eBMD	ENSG00000123411.14	IKZF4	3.98300169627151e-08	32	4	2.40000008377971e-05	Thyroid	0.817354550756448	Lung	21.7994312957057	2.03280057920949e-15	0.883649995094762	-4.22400379180908	2.72025391192563	-0.449723919234843	2.89916703393042	4	0	0.001556
NG2018-eBMD	ENSG00000164683.16	HEY1	4.15625725184956e-08	8	5	1.60000178096147e-10	Brain_Hypothalamus	0.590000019272663	Testis	4.10216608053453	3.23746178775516e-19	0.441149776707741	-6.39552164077759	0.821513175964356	-0.660131580489308	2.44218605426334	5	0	0.001624
NG2018-eBMD	ENSG00000006704.10	GTF2IRD1	4.35931506017828e-08	14	6	2.56648348378759e-07	Artery_Tibial	0.0104601038455406	Brain_Putamen_basal_ganglia	7.32829561777481	2.13768125883304e-17	0.470872624977798	-3.84612607955933	5.15278339385986	2.08878273200542	3.42406528798696	6	0	0.001703
NG2018-eBMD	ENSG00000170608.2	FOXA3	4.59171340155502e-08	16	3	4.99999679673178e-06	Colon_Transverse	0.0609999991464229	Skin_Not_Sun_Exposed_Suprapubic	11.6705825068192	3.74187274177436e-17	1.04196468505292	-3.8081681728363	4.56478786468506	1.83578265232561	2.40507411905698	3	0	0.001794
NG2018-eBMD	ENSG00000128709.12	HOXD9	5.0941619898514e-08	27	5	4.10000254748941e-08	Adrenal_Gland	0.762794713670747	Esophagus_Mucosa	20.1014929831897	1.12611243256764e-15	0.728512327554613	-5.48648929595947	4.91897201538086	3.38141580012126	2.47200883449229	5	0	0.00199
NG2018-eBMD	ENSG00000165495.15	PKNOX2	6.66155135222968e-08	20	8	9.14538342267173e-10	Colon_Sigmoid	0.90000000278565	Prostate	11.5825623534752	6.54262369048709e-18	0.493583651088406	-4.97277879714966	6.12365320604897	2.76777826799817	3.3108825462076	8	0	0.002603
NG2018-eBMD	ENSG00000162676.11	GFI1	8.23506718079943e-08	32	3	4.40000158743622e-09	Brain_Cortex	1	Small_Intestine_Terminal_Ileum	24.784990515772	1.04080869395742e-15	2.3786743731159	-5.86840772628784	5.86840772628784	-0.558279128031843	5.29137283663062	3	0	0.003217
NG2018-eBMD	ENSG00000204859.12	ZBTB48	8.54749378737598e-08	48	3	2.28275470607619e-11	Nerve_Tibial	0.999645925148218	Whole_Blood	37.9474507863724	8.54016159004726e-16	3.11753872918307	-4.73136749801358	6.68668951750437	0.562494578140636	2.35393129909836	3	0	0.003339
NG2018-eBMD	ENSG00000172201.11	ID4	1.08772683956695e-07	15	8	2.3000024502528e-07	Cells_Cultured_fibroblasts	0.953906627032581	Thyroid	7.82816189671555	1.94765506335433e-17	0.396572215610285	-5.17329597473144	3.54171078217786	-1.223412630652	2.1028139758992	8	0	0.00425
NG2018-eBMD	ENSG00000143995.19	MEIS1	1.35675137193338e-07	19	7	1.53186140834337e-06	Brain_Anterior_cingulate_cortex_BA24	0.649999990437004	Esophagus_Muscularis	8.23678416661998	7.69588824222878e-21	0.817464991557054	-4.80703374662697	1.88079357147217	-2.22183028958397	2.03476354800953	7	0	0.005301
NG2018-eBMD	ENSG00000012223.12	LTF	1.37532577824121e-07	38	3	2.59999925040554e-09	Skin_Not_Sun_Exposed_Suprapubic	0.368529544512872	Pancreas	29.2115681524732	2.55994249084948e-15	1.8828388951843	-5.4017333984375	5.95504522323608	3.72454902166908	3.12124407409126	3	0	0.005373
NG2018-eBMD	ENSG00000168286.2	THAP11	1.6297625911559e-07	14	2	3.89999748301334e-08	Esophagus_Gastroesophageal_Junction	0.100000007226205	Artery_Aorta	12.4949397573698	1.04880429893715e-17	1.50506024263019	-5.49532127380371	-1.64485359191895	-4.94525446210589	1.39824543283685	2	0	0.006367
NG2018-eBMD	ENSG00000124782.19	RREB1	1.66078109310966e-07	27	5	1.09999896908454e-07	Heart_Left_Ventricle	0.969999999547715	Thyroid	16.71684925714	4.14093858471369e-16	0.924984613090696	-3.19465112686157	5.30937814712524	3.28533274834599	2.5968968575926	5	0	0.006488
NG2018-eBMD	ENSG00000162086.14	ZNF75A	1.78730414167589e-07	40	3	4.799998772448e-09	Skin_Not_Sun_Exposed_Suprapubic	0.90000000278565	Artery_Coronary	30.8019479405431	1.53791077305471e-15	2.32125481897733	-5.85396146774292	5.49085187911987	-4.39639347905399	2.66882927735622	3	0	0.006983
NG2018-eBMD	ENSG00000127989.13	MTERF1	1.85626050388307e-07	46	2	5.00000020828869e-07	Artery_Aorta	0.739999989804993	Brain_Hippocampus	37.6060919813802	1.07221420739735e-15	7.39507993953623	-5.02631282806396	5.02631282806396	-1.89465109256631	2.45462401394179	2	0	0.007252
NG2018-eBMD	ENSG00000106031.7	HOXA13	2.00000107311397e-07	1	1	2.00000107311397e-07	Colon_Transverse	2.00000107311397e-07	Colon_Transverse	1	1	1	-5.19933748245239	-5.19933748245239	-5.19933748245239	NA	1	0	0.007814
NG2018-eBMD	ENSG00000204366.3	ZBTB12	2.05519469528839e-07	41	5	1.13748337260618e-07	Whole_Blood	0.678490922023084	Pancreas	20.429901066256	6.92853704530586e-16	1.2352142436923	-2.58991360664368	5.30326703902539	0.471610430649125	2.05605843031281	5	0	0.008029
NG2018-eBMD	ENSG00000085276.17	MECOM	2.29525694002343e-07	7	5	5.10000132765054e-05	Artery_Aorta	0.207136185346668	Thyroid	3.46705122266203	1.18477281200455e-16	0.531540547437942	-4.05099630355835	-1.26147937774658	-2.70032729731707	1.01370201268918	5	0	0.008967
NG2018-eBMD	ENSG00000196652.11	ZKSCAN5	4.34115169716588e-07	38	4	1.63226651835712e-08	Vagina	0.370000008467643	Colon_Transverse	21.3828945947708	4.19970807380157e-16	2.00495248111597	-4.40134648354378	5.64704759662849	1.00885953608245	3.57823376160882	4	0	0.01696
NG2018-eBMD	ENSG00000102935.11	ZNF423	4.68794387734688e-07	15	4	3.30000366167478e-08	Breast_Mammary_Tissue	0.334299002949018	Brain_Spinal_cord_cervical_c-1	11.2040159186106	1.7165827867117e-18	0.918718614031273	0.965490877628326	5.52472591400146	2.50488548676173	1.26215922338211	4	0	0.01831
NG2018-eBMD	ENSG00000178665.14	ZNF713	5.06395261520036e-07	46	4	1.40824990000541e-09	Whole_Blood	0.940307678803516	Small_Intestine_Terminal_Ileum	29.7694402184158	3.7465597105484e-16	1.58951493575679	-0.107276052236557	6.05453370266185	3.07843859673898	1.30426587662829	4	0	0.01978
NG2018-eBMD	ENSG00000170653.18	ATF7	5.38661523039909e-07	48	3	8.89217135297906e-08	Brain_Hypothalamus	0.407153295935288	Cells_Cultured_fibroblasts	34.0755242681247	6.31568392426927e-16	3.07911359647032	-5.34801985304899	3.96991411913088	-1.79721023290927	1.79875218788417	3	0	0.02104
NG2018-eBMD	ENSG00000198026.7	ZNF335	5.94554178954463e-07	47	5	6.4074576252834e-09	Whole_Blood	0.998338661352326	Prostate	29.0212543853086	7.83845728076811e-16	1.03528132998184	-5.343344578741	5.80576029478575	-0.509953347442033	2.17689597286814	5	0	0.02323
NG2018-eBMD	ENSG00000124216.3	SNAI1	6.05262198285103e-07	39	3	2.55169715852479e-06	Skin_Not_Sun_Exposed_Suprapubic	0.108627556870714	Cells_EBV-transformed_lymphocytes	34.3162983469889	1.46296809384745e-15	1.47024667367695	-4.70395483744208	2.84080362319946	-1.83297117612046	1.36759524993106	3	0	0.02365
NG2018-eBMD	ENSG00000162624.14	LHX8	6.49740014172887e-07	4	3	2.30000245025277e-07	Thyroid	0.660000008709573	Uterus	2.25308539797791	4.94403678440312e-16	0.491270321640793	-1.55477356910706	5.17329597473145	1.40330228209496	2.82336249577117	3	0	0.02538
NG2018-eBMD	ENSG00000178951.8	ZBTB7A	6.63078682045052e-07	31	3	4.91984875929012e-08	Brain_Hippocampus	0.73000000396976	Brain_Cerebellum	27.9301294820744	2.74035814033261e-15	0.949659298677358	-5.45418310165405	5.45418310165406	3.32367325277023	3.95772980313117	3	0	0.02591
NG2018-eBMD	ENSG00000150907.7	FOXO1	7.02152600701532e-07	10	4	8.99999232302839e-06	Brain_Cerebellar_Hemisphere	0.076999999130954	Brain_Cerebellum	7.22833615386992	1.87174148199002e-18	0.566589205509483	-3.75987243652344	4.43990182876587	-0.798987746238708	3.27770559706042	4	0	0.02743
NG2018-eBMD	ENSG00000135457.9	TFCP2	7.08753637708926e-07	48	5	2.30481009387799e-09	Brain_Cerebellar_Hemisphere	1	Colon_Transverse	27.26521929623	1.57641760502605e-15	0.936972487135263	-5.9019030576247	5.97472332061913	-2.0884666625852	3.92972115963007	5	0	0.02769
NG2018-eBMD	ENSG00000141510.16	TP53	1.01371378823219e-06	19	7	3.2000012849393e-06	Artery_Tibial	0.769999990292912	Brain_Caudate_basal_ganglia	10.1714877697267	3.24387175029643e-17	0.452850788641657	-2.61972761154175	4.65754652023316	2.13097554526929	2.86114270249348	7	0	0.0396
NG2018-eBMD	ENSG00000119138.4	KLF9	1.12556332630678e-06	47	5	1.78418218952249e-06	Kidney_Cortex	0.550893614636178	Brain_Frontal_Cortex_BA9	26.7471561075518	5.21365090598545e-16	0.901282786085767	-2.71805782155061	4.77644850092635	1.68058122625503	2.31467648524503	5	0	0.04397
NG2018-eBMD	ENSG00000167182.13	SP2	1.16579580438088e-06	49	5	0.000146200601314875	Skin_Not_Sun_Exposed_Suprapubic	0.729804244298873	Adipose_Subcutaneous	23.086308862053	8.15825561999547e-16	0.920161486728732	-3.52656960487366	3.79743584015499	0.391415142168789	2.53444607348103	5	0	0.04555
NG2018-fracture	ENSG00000166949.15	SMAD3	7.38684096256672e-09	47	9	3.90000095417381e-06	Muscle_Skeletal	0.971761963259676	Prostate	21.2789875527002	1.80741649081343e-15	0.79951813985271	-4.37247326067626	4.61664152145386	-0.131699565347926	2.26355308755546	9	0	0.0002886
